81
-6.0000000000000000e+00	-6.0000000000000000e+00	
-4.5000000000000000e+00	-6.0000000000000000e+00	
-4.5000000000000000e+00	-4.5000000000000000e+00	
-3.0000000000000000e+00	-6.0000000000000000e+00	
-3.0000000000000000e+00	-4.5000000000000000e+00	
-3.0000000000000000e+00	-3.0000000000000000e+00	
-6.0000000000000000e+00	-4.5000000000000000e+00	
-4.5000000000000000e+00	-3.0000000000000000e+00	
-6.0000000000000000e+00	-3.0000000000000000e+00	
0.0000000000000000e+00	-3.0000000000000000e+00	
-1.5000000000000000e+00	-3.0000000000000000e+00	
-1.5000000000000000e+00	-4.5000000000000000e+00	
0.0000000000000000e+00	-6.0000000000000000e+00	
0.0000000000000000e+00	-4.5000000000000000e+00	
-1.5000000000000000e+00	-6.0000000000000000e+00	
0.0000000000000000e+00	0.0000000000000000e+00	
-1.5000000000000000e+00	0.0000000000000000e+00	
-1.5000000000000000e+00	-1.5000000000000000e+00	
-3.0000000000000000e+00	0.0000000000000000e+00	
-3.0000000000000000e+00	-1.5000000000000000e+00	
0.0000000000000000e+00	-1.5000000000000000e+00	
1.5000000000000000e+00	-1.5000000000000000e+00	
1.5000000000000000e+00	-3.0000000000000000e+00	
3.0000000000000000e+00	-3.0000000000000000e+00	
-1.5000000000000000e+00	1.5000000000000000e+00	
-3.0000000000000000e+00	3.0000000000000000e+00	
-3.0000000000000000e+00	1.5000000000000000e+00	
-6.0000000000000000e+00	0.0000000000000000e+00	
-6.0000000000000000e+00	-1.5000000000000000e+00	
-4.5000000000000000e+00	0.0000000000000000e+00	
-4.5000000000000000e+00	-1.5000000000000000e+00	
1.5000000000000000e+00	0.0000000000000000e+00	
1.5000000000000000e+00	1.5000000000000000e+00	
3.0000000000000000e+00	0.0000000000000000e+00	
3.0000000000000000e+00	1.5000000000000000e+00	
3.0000000000000000e+00	3.0000000000000000e+00	
3.0000000000000000e+00	-1.5000000000000000e+00	
6.0000000000000000e+00	3.0000000000000000e+00	
4.5000000000000000e+00	3.0000000000000000e+00	
4.5000000000000000e+00	1.5000000000000000e+00	
6.0000000000000000e+00	0.0000000000000000e+00	
4.5000000000000000e+00	0.0000000000000000e+00	
6.0000000000000000e+00	-1.5000000000000000e+00	
4.5000000000000000e+00	-1.5000000000000000e+00	
6.0000000000000000e+00	-3.0000000000000000e+00	
6.0000000000000000e+00	-6.0000000000000000e+00	
6.0000000000000000e+00	-4.5000000000000000e+00	
4.5000000000000000e+00	-4.5000000000000000e+00	
4.5000000000000000e+00	-3.0000000000000000e+00	
6.0000000000000000e+00	6.0000000000000000e+00	
4.5000000000000000e+00	4.5000000000000000e+00	
6.0000000000000000e+00	4.5000000000000000e+00	
3.0000000000000000e+00	6.0000000000000000e+00	
1.5000000000000000e+00	4.5000000000000000e+00	
3.0000000000000000e+00	4.5000000000000000e+00	
0.0000000000000000e+00	3.0000000000000000e+00	
1.5000000000000000e+00	3.0000000000000000e+00	
0.0000000000000000e+00	1.5000000000000000e+00	
-3.0000000000000000e+00	6.0000000000000000e+00	
-3.0000000000000000e+00	4.5000000000000000e+00	
-1.5000000000000000e+00	4.5000000000000000e+00	
-1.5000000000000000e+00	3.0000000000000000e+00	
-6.0000000000000000e+00	6.0000000000000000e+00	
-4.5000000000000000e+00	4.5000000000000000e+00	
-4.5000000000000000e+00	6.0000000000000000e+00	
3.0000000000000000e+00	-6.0000000000000000e+00	
3.0000000000000000e+00	-4.5000000000000000e+00	
1.5000000000000000e+00	-4.5000000000000000e+00	
-6.0000000000000000e+00	3.0000000000000000e+00	
-4.5000000000000000e+00	1.5000000000000000e+00	
-4.5000000000000000e+00	3.0000000000000000e+00	
6.0000000000000000e+00	1.5000000000000000e+00	
1.5000000000000000e+00	-6.0000000000000000e+00	
4.5000000000000000e+00	-6.0000000000000000e+00	
-6.0000000000000000e+00	1.5000000000000000e+00	
-6.0000000000000000e+00	4.5000000000000000e+00	
4.5000000000000000e+00	6.0000000000000000e+00	
0.0000000000000000e+00	6.0000000000000000e+00	
0.0000000000000000e+00	4.5000000000000000e+00	
1.5000000000000000e+00	6.0000000000000000e+00	
-1.5000000000000000e+00	6.0000000000000000e+00	

81
0
1	0 
1	0 
1
1
1	1 
1	1 
1
2
1	2 
1	2 
0
3
1	3 
1	3 
1
4
1	4 
1	4 
0
5
1	5 
1	5 
0
6
1	6 
1	6 
1
7
1	7 
1	7 
0
8
1	8 
1	8 
1
9
1	9 
1	9 
0
10
1	10 
1	10 
0
11
1	11 
1	11 
0
12
1	12 
1	12 
1
13
1	13 
1	13 
0
14
1	14 
1	14 
1
15
1	15 
1	15 
0
16
1	16 
1	16 
0
17
1	17 
1	17 
0
18
1	18 
1	18 
0
19
1	19 
1	19 
0
20
1	20 
1	20 
0
21
1	21 
1	21 
0
22
1	22 
1	22 
0
23
1	23 
1	23 
0
24
1	24 
1	24 
0
25
1	25 
1	25 
0
26
1	26 
1	26 
0
27
1	27 
1	27 
1
28
1	28 
1	28 
1
29
1	29 
1	29 
0
30
1	30 
1	30 
0
31
1	31 
1	31 
0
32
1	32 
1	32 
0
33
1	33 
1	33 
0
34
1	34 
1	34 
0
35
1	35 
1	35 
0
36
1	36 
1	36 
0
37
1	37 
1	37 
1
38
1	38 
1	38 
0
39
1	39 
1	39 
0
40
1	40 
1	40 
1
41
1	41 
1	41 
0
42
1	42 
1	42 
1
43
1	43 
1	43 
0
44
1	44 
1	44 
1
45
1	45 
1	45 
1
46
1	46 
1	46 
1
47
1	47 
1	47 
0
48
1	48 
1	48 
0
49
1	49 
1	49 
1
50
1	50 
1	50 
0
51
1	51 
1	51 
1
52
1	52 
1	52 
1
53
1	53 
1	53 
0
54
1	54 
1	54 
0
55
1	55 
1	55 
0
56
1	56 
1	56 
0
57
1	57 
1	57 
0
58
1	58 
1	58 
1
59
1	59 
1	59 
0
60
1	60 
1	60 
0
61
1	61 
1	61 
0
62
1	62 
1	62 
1
63
1	63 
1	63 
0
64
1	64 
1	64 
1
65
1	65 
1	65 
1
66
1	66 
1	66 
0
67
1	67 
1	67 
0
68
1	68 
1	68 
1
69
1	69 
1	69 
0
70
1	70 
1	70 
0
71
1	71 
1	71 
1
72
1	72 
1	72 
1
73
1	73 
1	73 
1
74
1	74 
1	74 
1
75
1	75 
1	75 
1
76
1	76 
1	76 
1
77
1	77 
1	77 
1
78
1	78 
1	78 
0
79
1	79 
1	79 
1
80
1	80 
1	80 
1

208
0
2	2 1 
2	2 1 
0
1
2	0 2 
2	0 2 
0
2
2	0 1 
2	0 1 
1
3
2	1 4 
2	1 4 
0
4
2	1 3 
2	1 3 
1
5
2	4 3 
2	4 3 
0
6
2	4 2 
2	4 2 
0
7
2	5 4 
2	5 4 
0
8
2	2 5 
2	2 5 
0
9
2	6 2 
2	6 2 
0
10
2	0 6 
2	0 6 
1
11
2	2 7 
2	2 7 
0
12
2	7 5 
2	7 5 
0
13
2	7 6 
2	7 6 
0
14
2	8 7 
2	8 7 
0
15
2	6 8 
2	6 8 
1
16
2	11 10 
2	11 10 
0
17
2	11 9 
2	11 9 
0
18
2	9 10 
2	9 10 
0
19
2	10 4 
2	10 4 
0
20
2	10 5 
2	10 5 
0
21
2	4 11 
2	4 11 
0
22
2	3 11 
2	3 11 
0
23
2	14 13 
2	14 13 
0
24
2	14 12 
2	14 12 
1
25
2	13 12 
2	13 12 
0
26
2	13 11 
2	13 11 
0
27
2	9 13 
2	9 13 
0
28
2	11 14 
2	11 14 
0
29
2	3 14 
2	3 14 
1
30
2	17 16 
2	17 16 
0
31
2	17 15 
2	17 15 
0
32
2	15 16 
2	15 16 
0
33
2	16 19 
2	16 19 
0
34
2	16 18 
2	16 18 
0
35
2	19 18 
2	19 18 
0
36
2	19 17 
2	19 17 
0
37
2	5 19 
2	5 19 
0
38
2	5 17 
2	5 17 
0
39
2	21 20 
2	21 20 
0
40
2	15 21 
2	15 21 
0
41
2	15 20 
2	15 20 
0
42
2	20 22 
2	20 22 
0
43
2	20 9 
2	20 9 
0
44
2	22 9 
2	22 9 
0
45
2	22 21 
2	22 21 
0
46
2	23 22 
2	23 22 
0
47
2	21 23 
2	21 23 
0
48
2	16 24 
2	16 24 
0
49
2	15 24 
2	15 24 
0
50
2	24 26 
2	24 26 
0
51
2	24 25 
2	24 25 
0
52
2	26 25 
2	26 25 
0
53
2	26 16 
2	26 16 
0
54
2	18 26 
2	18 26 
0
55
2	29 28 
2	29 28 
0
56
2	29 27 
2	29 27 
0
57
2	28 27 
2	28 27 
1
58
2	28 30 
2	28 30 
0
59
2	8 28 
2	8 28 
1
60
2	30 8 
2	30 8 
0
61
2	30 29 
2	30 29 
0
62
2	18 30 
2	18 30 
0
63
2	18 29 
2	18 29 
0
64
2	32 31 
2	32 31 
0
65
2	15 32 
2	15 32 
0
66
2	15 31 
2	15 31 
0
67
2	31 34 
2	31 34 
0
68
2	31 33 
2	31 33 
0
69
2	34 33 
2	34 33 
0
70
2	34 32 
2	34 32 
0
71
2	35 34 
2	35 34 
0
72
2	32 35 
2	32 35 
0
73
2	20 17 
2	20 17 
0
74
2	17 10 
2	17 10 
0
75
2	10 20 
2	10 20 
0
76
2	19 30 
2	19 30 
0
77
2	30 7 
2	30 7 
0
78
2	7 19 
2	7 19 
0
79
2	31 21 
2	31 21 
0
80
2	21 36 
2	21 36 
0
81
2	36 23 
2	36 23 
0
82
2	36 31 
2	36 31 
0
83
2	33 36 
2	33 36 
0
84
2	39 38 
2	39 38 
0
85
2	39 37 
2	39 37 
0
86
2	37 38 
2	37 38 
0
87
2	38 34 
2	38 34 
0
88
2	38 35 
2	38 35 
0
89
2	34 39 
2	34 39 
0
90
2	33 39 
2	33 39 
0
91
2	42 41 
2	42 41 
0
92
2	42 40 
2	42 40 
1
93
2	41 40 
2	41 40 
0
94
2	41 43 
2	41 43 
0
95
2	33 41 
2	33 41 
0
96
2	43 33 
2	43 33 
0
97
2	43 42 
2	43 42 
0
98
2	44 43 
2	44 43 
0
99
2	44 42 
2	44 42 
1
100
2	47 46 
2	47 46 
0
101
2	47 45 
2	47 45 
0
102
2	45 46 
2	45 46 
1
103
2	46 48 
2	46 48 
0
104
2	46 44 
2	46 44 
1
105
2	48 44 
2	48 44 
0
106
2	48 47 
2	48 47 
0
107
2	23 48 
2	23 48 
0
108
2	23 47 
2	23 47 
0
109
2	51 50 
2	51 50 
0
110
2	51 49 
2	51 49 
1
111
2	50 49 
2	50 49 
0
112
2	50 38 
2	50 38 
0
113
2	35 50 
2	35 50 
0
114
2	38 51 
2	38 51 
0
115
2	37 51 
2	37 51 
1
116
2	54 53 
2	54 53 
0
117
2	54 52 
2	54 52 
0
118
2	52 53 
2	52 53 
0
119
2	53 56 
2	53 56 
0
120
2	53 55 
2	53 55 
0
121
2	55 56 
2	55 56 
0
122
2	56 54 
2	56 54 
0
123
2	56 35 
2	56 35 
0
124
2	35 54 
2	35 54 
0
125
2	57 32 
2	57 32 
0
126
2	15 57 
2	15 57 
0
127
2	32 56 
2	32 56 
0
128
2	56 57 
2	56 57 
0
129
2	57 55 
2	57 55 
0
130
2	60 59 
2	60 59 
0
131
2	60 58 
2	60 58 
0
132
2	58 59 
2	58 59 
0
133
2	59 61 
2	59 61 
0
134
2	59 25 
2	59 25 
0
135
2	25 61 
2	25 61 
0
136
2	61 60 
2	61 60 
0
137
2	61 55 
2	61 55 
0
138
2	55 60 
2	55 60 
0
139
2	64 63 
2	64 63 
0
140
2	62 64 
2	62 64 
1
141
2	63 62 
2	63 62 
0
142
2	63 59 
2	63 59 
0
143
2	25 63 
2	25 63 
0
144
2	59 64 
2	59 64 
0
145
2	64 58 
2	64 58 
1
146
2	24 57 
2	24 57 
0
147
2	57 61 
2	57 61 
0
148
2	61 24 
2	61 24 
0
149
2	48 43 
2	48 43 
0
150
2	43 36 
2	43 36 
0
151
2	36 48 
2	36 48 
0
152
2	67 66 
2	67 66 
0
153
2	67 65 
2	67 65 
0
154
2	65 66 
2	65 66 
0
155
2	66 22 
2	66 22 
0
156
2	66 23 
2	66 23 
0
157
2	22 67 
2	22 67 
0
158
2	9 67 
2	9 67 
0
159
2	70 69 
2	70 69 
0
160
2	70 68 
2	70 68 
0
161
2	68 69 
2	68 69 
0
162
2	69 26 
2	69 26 
0
163
2	69 18 
2	69 18 
0
164
2	26 70 
2	26 70 
0
165
2	25 70 
2	25 70 
0
166
2	41 71 
2	41 71 
0
167
2	40 71 
2	40 71 
1
168
2	71 39 
2	71 39 
0
169
2	71 37 
2	71 37 
1
170
2	39 41 
2	39 41 
0
171
2	13 72 
2	13 72 
0
172
2	12 72 
2	12 72 
1
173
2	72 67 
2	72 67 
0
174
2	72 65 
2	72 65 
1
175
2	67 13 
2	67 13 
0
176
2	73 47 
2	73 47 
0
177
2	73 45 
2	73 45 
1
178
2	47 66 
2	47 66 
0
179
2	66 73 
2	66 73 
0
180
2	65 73 
2	65 73 
1
181
2	74 29 
2	74 29 
0
182
2	27 74 
2	27 74 
1
183
2	29 69 
2	29 69 
0
184
2	69 74 
2	69 74 
0
185
2	74 68 
2	74 68 
1
186
2	63 75 
2	63 75 
0
187
2	75 62 
2	75 62 
1
188
2	75 70 
2	75 70 
0
189
2	68 75 
2	68 75 
1
190
2	70 63 
2	70 63 
0
191
2	50 76 
2	50 76 
0
192
2	76 49 
2	76 49 
1
193
2	76 54 
2	76 54 
0
194
2	52 76 
2	52 76 
1
195
2	54 50 
2	54 50 
0
196
2	79 78 
2	79 78 
0
197
2	77 79 
2	77 79 
1
198
2	78 77 
2	78 77 
0
199
2	78 53 
2	78 53 
0
200
2	55 78 
2	55 78 
0
201
2	53 79 
2	53 79 
0
202
2	79 52 
2	79 52 
1
203
2	78 80 
2	78 80 
0
204
2	80 77 
2	80 77 
1
205
2	80 60 
2	80 60 
0
206
2	58 80 
2	58 80 
1
207
2	60 78 
2	60 78 
0

128
0
3	0 1 2 
3	0 1 2 
0
1
3	0 2 6 
3	9 10 1 
0
2
3	4 2 1 
3	0 3 6 
0
3
3	3 4 1 
3	3 4 5 
0
4
3	5 7 2 
3	11 8 12 
0
5
3	5 4 10 
3	19 20 7 
0
6
3	5 10 17 
3	74 38 20 
0
7
3	10 20 17 
3	73 74 75 
0
8
3	9 10 11 
3	16 17 18 
0
9
3	15 17 20 
3	73 41 31 
0
10
3	19 17 16 
3	30 33 36 
0
11
3	15 20 21 
3	39 40 41 
0
12
3	15 24 16 
3	48 32 49 
0
13
3	15 31 32 
3	64 65 66 
0
14
3	18 19 16 
3	33 34 35 
0
15
3	7 19 30 
3	76 77 78 
0
16
3	8 6 7 
3	13 14 15 
0
17
3	15 16 17 
3	30 31 32 
0
18
3	5 17 19 
3	36 37 38 
0
19
3	5 2 4 
3	6 7 8 
0
20
3	5 19 7 
3	78 12 37 
0
21
3	7 6 2 
3	9 11 13 
0
22
3	4 11 10 
3	16 19 21 
0
23
3	3 14 11 
3	28 22 29 
0
24
3	3 11 4 
3	21 5 22 
0
25
3	9 20 10 
3	75 18 43 
0
26
3	8 7 30 
3	77 60 14 
0
27
3	18 29 30 
3	61 62 63 
0
28
3	18 69 29 
3	183 63 163 
0
29
3	69 74 29 
3	181 183 184 
0
30
3	27 28 29 
3	55 56 57 
0
31
3	68 74 69 
3	184 161 185 
0
32
3	26 70 69 
3	159 162 164 
0
33
3	18 30 19 
3	76 35 62 
0
34
3	18 16 26 
3	53 54 34 
0
35
3	25 26 24 
3	50 51 52 
0
36
3	25 24 61 
3	148 135 51 
0
37
3	25 63 70 
3	190 165 143 
0
38
3	68 70 75 
3	188 189 160 
0
39
3	18 26 69 
3	162 163 54 
0
40
3	26 16 24 
3	48 50 53 
0
41
3	25 70 26 
3	164 52 165 
0
42
3	68 69 70 
3	159 160 161 
0
43
3	15 57 24 
3	146 49 126 
0
44
3	30 29 28 
3	55 58 61 
0
45
3	8 30 28 
3	58 59 60 
0
46
3	15 21 31 
3	79 66 40 
0
47
3	34 32 31 
3	64 67 70 
0
48
3	33 31 36 
3	82 83 68 
0
49
3	23 36 21 
3	80 47 81 
0
50
3	35 32 34 
3	70 71 72 
0
51
3	35 34 38 
3	87 88 71 
0
52
3	33 36 43 
3	150 96 83 
0
53
3	33 43 41 
3	94 95 96 
0
54
3	35 38 50 
3	112 113 88 
0
55
3	35 54 56 
3	122 123 124 
0
56
3	38 51 50 
3	109 112 114 
0
57
3	37 38 39 
3	84 85 86 
0
58
3	43 42 41 
3	91 94 97 
0
59
3	44 43 48 
3	149 105 98 
0
60
3	40 41 42 
3	91 92 93 
0
61
3	49 50 51 
3	109 110 111 
0
62
3	15 32 57 
3	125 126 65 
0
63
3	55 61 57 
3	147 129 137 
0
64
3	55 60 61 
3	136 137 138 
0
65
3	55 56 53 
3	119 120 121 
0
66
3	61 24 57 
3	146 147 148 
0
67
3	36 31 21 
3	79 80 82 
0
68
3	33 34 31 
3	67 68 69 
0
69
3	35 56 32 
3	127 72 123 
0
70
3	56 57 32 
3	125 127 128 
0
71
3	55 57 56 
3	128 121 129 
0
72
3	33 39 34 
3	89 69 90 
0
73
3	37 39 71 
3	168 169 85 
0
74
3	34 39 38 
3	84 87 89 
0
75
3	33 41 39 
3	170 90 95 
0
76
3	39 41 71 
3	166 168 170 
0
77
3	36 48 43 
3	149 150 151 
0
78
3	23 47 48 
3	106 107 108 
0
79
3	23 66 47 
3	178 108 156 
0
80
3	66 73 47 
3	176 178 179 
0
81
3	45 46 47 
3	100 101 102 
0
82
3	65 73 66 
3	179 154 180 
0
83
3	22 67 66 
3	152 155 157 
0
84
3	9 13 67 
3	175 158 27 
0
85
3	65 67 72 
3	173 174 153 
0
86
3	23 48 36 
3	151 81 107 
0
87
3	22 21 20 
3	39 42 45 
0
88
3	23 21 22 
3	45 46 47 
0
89
3	23 22 66 
3	155 156 46 
0
90
3	9 22 20 
3	42 43 44 
0
91
3	9 67 22 
3	157 44 158 
0
92
3	65 66 67 
3	152 153 154 
0
93
3	9 11 13 
3	26 27 17 
0
94
3	12 13 14 
3	23 24 25 
0
95
3	11 14 13 
3	23 26 28 
0
96
3	67 13 72 
3	171 173 175 
0
97
3	35 50 54 
3	195 124 113 
0
98
3	52 53 54 
3	116 117 118 
0
99
3	52 79 53 
3	201 118 202 
0
100
3	56 54 53 
3	116 119 122 
0
101
3	37 51 38 
3	114 86 115 
0
102
3	48 47 46 
3	100 103 106 
0
103
3	27 29 74 
3	181 182 56 
0
104
3	25 61 59 
3	133 134 135 
0
105
3	44 42 43 
3	97 98 99 
0
106
3	44 48 46 
3	103 104 105 
0
107
3	40 71 41 
3	166 93 167 
0
108
3	54 50 76 
3	191 193 195 
0
109
3	52 54 76 
3	193 194 117 
0
110
3	49 76 50 
3	191 111 192 
0
111
3	55 53 78 
3	199 200 120 
0
112
3	45 47 73 
3	176 177 101 
0
113
3	12 72 13 
3	171 25 172 
0
114
3	70 63 75 
3	186 188 190 
0
115
3	59 64 63 
3	139 142 144 
0
116
3	58 59 60 
3	130 131 132 
0
117
3	58 60 80 
3	205 206 131 
0
118
3	25 59 63 
3	142 143 134 
0
119
3	61 60 59 
3	130 133 136 
0
120
3	55 78 60 
3	207 138 200 
0
121
3	77 78 79 
3	196 197 198 
0
122
3	53 79 78 
3	196 199 201 
0
123
3	60 78 80 
3	203 205 207 
0
124
3	58 64 59 
3	144 132 145 
0
125
3	77 80 78 
3	203 198 204 
0
126
3	62 63 64 
3	139 140 141 
0
127
3	62 75 63 
3	186 141 187 
0
