289
-6.0000000000000000e+00	-6.0000000000000000e+00	
-5.2500000000000000e+00	-6.0000000000000000e+00	
-5.2500000000000000e+00	-5.2500000000000000e+00	
-4.5000000000000000e+00	-6.0000000000000000e+00	
-4.5000000000000000e+00	-5.2500000000000000e+00	
-4.5000000000000000e+00	-4.5000000000000000e+00	
-6.0000000000000000e+00	-5.2500000000000000e+00	
-5.2500000000000000e+00	-4.5000000000000000e+00	
-6.0000000000000000e+00	-4.5000000000000000e+00	
-3.0000000000000000e+00	-4.5000000000000000e+00	
-3.7500000000000000e+00	-4.5000000000000000e+00	
-3.7500000000000000e+00	-5.2500000000000000e+00	
-3.0000000000000000e+00	-6.0000000000000000e+00	
-3.0000000000000000e+00	-5.2500000000000000e+00	
-3.7500000000000000e+00	-6.0000000000000000e+00	
-3.0000000000000000e+00	-3.0000000000000000e+00	
-3.7500000000000000e+00	-3.0000000000000000e+00	
-3.7500000000000000e+00	-3.7500000000000000e+00	
-4.5000000000000000e+00	-3.0000000000000000e+00	
-4.5000000000000000e+00	-3.7500000000000000e+00	
-3.0000000000000000e+00	-3.7500000000000000e+00	
-2.2500000000000000e+00	-3.0000000000000000e+00	
-2.2500000000000000e+00	-3.7500000000000000e+00	
-1.5000000000000000e+00	-3.0000000000000000e+00	
-2.2500000000000000e+00	-2.2500000000000000e+00	
-1.5000000000000000e+00	-2.2500000000000000e+00	
-1.5000000000000000e+00	-1.5000000000000000e+00	
-7.5000000000000000e-01	-2.2500000000000000e+00	
0.0000000000000000e+00	-1.5000000000000000e+00	
-7.5000000000000000e-01	-1.5000000000000000e+00	
0.0000000000000000e+00	-3.0000000000000000e+00	
-7.5000000000000000e-01	-3.0000000000000000e+00	
-7.5000000000000000e-01	-3.7500000000000000e+00	
-1.5000000000000000e+00	-3.7500000000000000e+00	
-1.5000000000000000e+00	-4.5000000000000000e+00	
0.0000000000000000e+00	0.0000000000000000e+00	
-7.5000000000000000e-01	-7.5000000000000000e-01	
0.0000000000000000e+00	-7.5000000000000000e-01	
-3.0000000000000000e+00	-1.5000000000000000e+00	
-2.2500000000000000e+00	-1.5000000000000000e+00	
-2.2500000000000000e+00	-7.5000000000000000e-01	
-1.5000000000000000e+00	-7.5000000000000000e-01	
-1.5000000000000000e+00	0.0000000000000000e+00	
7.5000000000000000e-01	-7.5000000000000000e-01	
7.5000000000000000e-01	-1.5000000000000000e+00	
1.5000000000000000e+00	-1.5000000000000000e+00	
-7.5000000000000000e-01	7.5000000000000000e-01	
-7.5000000000000000e-01	0.0000000000000000e+00	
-1.5000000000000000e+00	1.5000000000000000e+00	
-1.5000000000000000e+00	7.5000000000000000e-01	
7.5000000000000000e-01	0.0000000000000000e+00	
7.5000000000000000e-01	7.5000000000000000e-01	
1.5000000000000000e+00	0.0000000000000000e+00	
1.5000000000000000e+00	7.5000000000000000e-01	
1.5000000000000000e+00	1.5000000000000000e+00	
-3.0000000000000000e+00	0.0000000000000000e+00	
-3.0000000000000000e+00	-7.5000000000000000e-01	
-2.2500000000000000e+00	0.0000000000000000e+00	
-3.7500000000000000e+00	-2.2500000000000000e+00	
-4.5000000000000000e+00	-2.2500000000000000e+00	
-3.7500000000000000e+00	-1.5000000000000000e+00	
-4.5000000000000000e+00	-1.5000000000000000e+00	
-6.0000000000000000e+00	-3.0000000000000000e+00	
-6.0000000000000000e+00	-3.7500000000000000e+00	
-5.2500000000000000e+00	-3.0000000000000000e+00	
-5.2500000000000000e+00	-3.7500000000000000e+00	
-3.0000000000000000e+00	-2.2500000000000000e+00	
-2.2500000000000000e+00	-4.5000000000000000e+00	
-2.2500000000000000e+00	-6.0000000000000000e+00	
-2.2500000000000000e+00	-5.2500000000000000e+00	
-1.5000000000000000e+00	-6.0000000000000000e+00	
-1.5000000000000000e+00	-5.2500000000000000e+00	
0.0000000000000000e+00	-2.2500000000000000e+00	
-5.2500000000000000e+00	-2.2500000000000000e+00	
-3.7500000000000000e+00	0.0000000000000000e+00	
-3.7500000000000000e+00	-7.5000000000000000e-01	
-4.5000000000000000e+00	0.0000000000000000e+00	
-4.5000000000000000e+00	-7.5000000000000000e-01	
-3.7500000000000000e+00	7.5000000000000000e-01	
-4.5000000000000000e+00	1.5000000000000000e+00	
-4.5000000000000000e+00	7.5000000000000000e-01	
-5.2500000000000000e+00	1.5000000000000000e+00	
-6.0000000000000000e+00	1.5000000000000000e+00	
-5.2500000000000000e+00	7.5000000000000000e-01	
-6.0000000000000000e+00	0.0000000000000000e+00	
-6.0000000000000000e+00	-7.5000000000000000e-01	
-5.2500000000000000e+00	0.0000000000000000e+00	
-6.0000000000000000e+00	-1.5000000000000000e+00	
-5.2500000000000000e+00	-7.5000000000000000e-01	
-6.0000000000000000e+00	3.0000000000000000e+00	
-6.0000000000000000e+00	2.2500000000000000e+00	
-5.2500000000000000e+00	2.2500000000000000e+00	
-3.0000000000000000e+00	1.5000000000000000e+00	
-3.7500000000000000e+00	2.2500000000000000e+00	
-3.7500000000000000e+00	1.5000000000000000e+00	
-4.5000000000000000e+00	3.0000000000000000e+00	
-4.5000000000000000e+00	2.2500000000000000e+00	
-3.0000000000000000e+00	7.5000000000000000e-01	
-2.2500000000000000e+00	7.5000000000000000e-01	
-3.0000000000000000e+00	3.0000000000000000e+00	
-3.0000000000000000e+00	2.2500000000000000e+00	
-2.2500000000000000e+00	2.2500000000000000e+00	
-2.2500000000000000e+00	1.5000000000000000e+00	
-2.2500000000000000e+00	3.0000000000000000e+00	
-1.5000000000000000e+00	2.2500000000000000e+00	
-1.5000000000000000e+00	3.0000000000000000e+00	
-3.7500000000000000e+00	3.7500000000000000e+00	
-3.7500000000000000e+00	3.0000000000000000e+00	
-4.5000000000000000e+00	4.5000000000000000e+00	
-4.5000000000000000e+00	3.7500000000000000e+00	
-5.2500000000000000e+00	3.0000000000000000e+00	
-6.0000000000000000e+00	3.7500000000000000e+00	
-5.2500000000000000e+00	3.7500000000000000e+00	
-6.0000000000000000e+00	4.5000000000000000e+00	
0.0000000000000000e+00	7.5000000000000000e-01	
0.0000000000000000e+00	1.5000000000000000e+00	
-7.5000000000000000e-01	1.5000000000000000e+00	
-5.2500000000000000e+00	-1.5000000000000000e+00	
-6.0000000000000000e+00	-2.2500000000000000e+00	
1.5000000000000000e+00	-7.5000000000000000e-01	
3.0000000000000000e+00	1.5000000000000000e+00	
2.2500000000000000e+00	1.5000000000000000e+00	
2.2500000000000000e+00	7.5000000000000000e-01	
3.0000000000000000e+00	0.0000000000000000e+00	
2.2500000000000000e+00	0.0000000000000000e+00	
3.0000000000000000e+00	-7.5000000000000000e-01	
2.2500000000000000e+00	-7.5000000000000000e-01	
3.0000000000000000e+00	-1.5000000000000000e+00	
3.0000000000000000e+00	-3.0000000000000000e+00	
3.0000000000000000e+00	-2.2500000000000000e+00	
2.2500000000000000e+00	-2.2500000000000000e+00	
2.2500000000000000e+00	-1.5000000000000000e+00	
3.0000000000000000e+00	3.0000000000000000e+00	
2.2500000000000000e+00	2.2500000000000000e+00	
3.0000000000000000e+00	2.2500000000000000e+00	
3.7500000000000000e+00	3.0000000000000000e+00	
3.7500000000000000e+00	2.2500000000000000e+00	
4.5000000000000000e+00	3.0000000000000000e+00	
3.7500000000000000e+00	-7.5000000000000000e-01	
3.7500000000000000e+00	-1.5000000000000000e+00	
4.5000000000000000e+00	-1.5000000000000000e+00	
3.7500000000000000e+00	0.0000000000000000e+00	
4.5000000000000000e+00	-7.5000000000000000e-01	
4.5000000000000000e+00	0.0000000000000000e+00	
3.7500000000000000e+00	3.7500000000000000e+00	
4.5000000000000000e+00	3.7500000000000000e+00	
4.5000000000000000e+00	4.5000000000000000e+00	
3.0000000000000000e+00	3.7500000000000000e+00	
2.2500000000000000e+00	3.0000000000000000e+00	
3.0000000000000000e+00	4.5000000000000000e+00	
2.2500000000000000e+00	3.7500000000000000e+00	
1.5000000000000000e+00	3.0000000000000000e+00	
5.2500000000000000e+00	3.7500000000000000e+00	
6.0000000000000000e+00	4.5000000000000000e+00	
5.2500000000000000e+00	4.5000000000000000e+00	
6.0000000000000000e+00	3.0000000000000000e+00	
5.2500000000000000e+00	3.0000000000000000e+00	
5.2500000000000000e+00	2.2500000000000000e+00	
4.5000000000000000e+00	2.2500000000000000e+00	
4.5000000000000000e+00	1.5000000000000000e+00	
5.2500000000000000e+00	-1.5000000000000000e+00	
6.0000000000000000e+00	-1.5000000000000000e+00	
5.2500000000000000e+00	-7.5000000000000000e-01	
6.0000000000000000e+00	-3.0000000000000000e+00	
5.2500000000000000e+00	-2.2500000000000000e+00	
5.2500000000000000e+00	-3.0000000000000000e+00	
4.5000000000000000e+00	-2.2500000000000000e+00	
4.5000000000000000e+00	-3.0000000000000000e+00	
6.0000000000000000e+00	0.0000000000000000e+00	
5.2500000000000000e+00	0.0000000000000000e+00	
6.0000000000000000e+00	-7.5000000000000000e-01	
6.0000000000000000e+00	6.0000000000000000e+00	
5.2500000000000000e+00	5.2500000000000000e+00	
6.0000000000000000e+00	5.2500000000000000e+00	
7.5000000000000000e-01	1.5000000000000000e+00	
0.0000000000000000e+00	3.0000000000000000e+00	
-7.5000000000000000e-01	3.0000000000000000e+00	
0.0000000000000000e+00	2.2500000000000000e+00	
-7.5000000000000000e-01	2.2500000000000000e+00	
-7.5000000000000000e-01	3.7500000000000000e+00	
-1.5000000000000000e+00	4.5000000000000000e+00	
-1.5000000000000000e+00	3.7500000000000000e+00	
7.5000000000000000e-01	3.0000000000000000e+00	
7.5000000000000000e-01	3.7500000000000000e+00	
1.5000000000000000e+00	3.7500000000000000e+00	
1.5000000000000000e+00	4.5000000000000000e+00	
3.0000000000000000e+00	7.5000000000000000e-01	
1.5000000000000000e+00	2.2500000000000000e+00	
7.5000000000000000e-01	2.2500000000000000e+00	
3.7500000000000000e+00	7.5000000000000000e-01	
3.7500000000000000e+00	1.5000000000000000e+00	
6.0000000000000000e+00	2.2500000000000000e+00	
5.2500000000000000e+00	1.5000000000000000e+00	
6.0000000000000000e+00	1.5000000000000000e+00	
4.5000000000000000e+00	7.5000000000000000e-01	
5.2500000000000000e+00	7.5000000000000000e-01	
3.7500000000000000e+00	-2.2500000000000000e+00	
3.7500000000000000e+00	-3.7500000000000000e+00	
3.7500000000000000e+00	-3.0000000000000000e+00	
4.5000000000000000e+00	-4.5000000000000000e+00	
4.5000000000000000e+00	-3.7500000000000000e+00	
3.0000000000000000e+00	-3.7500000000000000e+00	
3.0000000000000000e+00	-4.5000000000000000e+00	
3.7500000000000000e+00	-4.5000000000000000e+00	
3.7500000000000000e+00	-5.2500000000000000e+00	
4.5000000000000000e+00	-6.0000000000000000e+00	
4.5000000000000000e+00	-5.2500000000000000e+00	
6.0000000000000000e+00	-6.0000000000000000e+00	
6.0000000000000000e+00	-5.2500000000000000e+00	
5.2500000000000000e+00	-5.2500000000000000e+00	
6.0000000000000000e+00	-4.5000000000000000e+00	
5.2500000000000000e+00	-4.5000000000000000e+00	
3.0000000000000000e+00	-6.0000000000000000e+00	
3.7500000000000000e+00	-6.0000000000000000e+00	
3.0000000000000000e+00	-5.2500000000000000e+00	
1.5000000000000000e+00	-3.0000000000000000e+00	
1.5000000000000000e+00	-3.7500000000000000e+00	
2.2500000000000000e+00	-3.7500000000000000e+00	
1.5000000000000000e+00	-4.5000000000000000e+00	
2.2500000000000000e+00	-4.5000000000000000e+00	
0.0000000000000000e+00	-3.7500000000000000e+00	
7.5000000000000000e-01	-3.7500000000000000e+00	
0.0000000000000000e+00	-4.5000000000000000e+00	
7.5000000000000000e-01	-4.5000000000000000e+00	
2.2500000000000000e+00	-5.2500000000000000e+00	
2.2500000000000000e+00	-6.0000000000000000e+00	
1.5000000000000000e+00	-5.2500000000000000e+00	
1.5000000000000000e+00	-6.0000000000000000e+00	
1.5000000000000000e+00	-2.2500000000000000e+00	
7.5000000000000000e-01	-2.2500000000000000e+00	
2.2500000000000000e+00	-3.0000000000000000e+00	
7.5000000000000000e-01	-3.0000000000000000e+00	
-7.5000000000000000e-01	-4.5000000000000000e+00	
0.0000000000000000e+00	-6.0000000000000000e+00	
0.0000000000000000e+00	-5.2500000000000000e+00	
-7.5000000000000000e-01	-6.0000000000000000e+00	
-7.5000000000000000e-01	-5.2500000000000000e+00	
7.5000000000000000e-01	-5.2500000000000000e+00	
3.7500000000000000e+00	4.5000000000000000e+00	
3.0000000000000000e+00	6.0000000000000000e+00	
2.2500000000000000e+00	5.2500000000000000e+00	
3.0000000000000000e+00	5.2500000000000000e+00	
2.2500000000000000e+00	4.5000000000000000e+00	
2.2500000000000000e+00	6.0000000000000000e+00	
1.5000000000000000e+00	6.0000000000000000e+00	
1.5000000000000000e+00	5.2500000000000000e+00	
6.0000000000000000e+00	3.7500000000000000e+00	
5.2500000000000000e+00	-3.7500000000000000e+00	
-6.0000000000000000e+00	7.5000000000000000e-01	
-3.0000000000000000e+00	3.7500000000000000e+00	
-2.2500000000000000e+00	3.7500000000000000e+00	
-3.0000000000000000e+00	4.5000000000000000e+00	
6.0000000000000000e+00	-2.2500000000000000e+00	
6.0000000000000000e+00	-3.7500000000000000e+00	
6.0000000000000000e+00	7.5000000000000000e-01	
3.7500000000000000e+00	5.2500000000000000e+00	
4.5000000000000000e+00	5.2500000000000000e+00	
4.5000000000000000e+00	6.0000000000000000e+00	
3.7500000000000000e+00	6.0000000000000000e+00	
5.2500000000000000e+00	6.0000000000000000e+00	
0.0000000000000000e+00	3.7500000000000000e+00	
7.5000000000000000e-01	4.5000000000000000e+00	
0.0000000000000000e+00	4.5000000000000000e+00	
5.2500000000000000e+00	-6.0000000000000000e+00	
7.5000000000000000e-01	-6.0000000000000000e+00	
-5.2500000000000000e+00	4.5000000000000000e+00	
-3.7500000000000000e+00	5.2500000000000000e+00	
-3.7500000000000000e+00	4.5000000000000000e+00	
-4.5000000000000000e+00	6.0000000000000000e+00	
-4.5000000000000000e+00	5.2500000000000000e+00	
-3.0000000000000000e+00	6.0000000000000000e+00	
-3.0000000000000000e+00	5.2500000000000000e+00	
-2.2500000000000000e+00	5.2500000000000000e+00	
-2.2500000000000000e+00	4.5000000000000000e+00	
-2.2500000000000000e+00	6.0000000000000000e+00	
-1.5000000000000000e+00	5.2500000000000000e+00	
-1.5000000000000000e+00	6.0000000000000000e+00	
-7.5000000000000000e-01	4.5000000000000000e+00	
0.0000000000000000e+00	6.0000000000000000e+00	
0.0000000000000000e+00	5.2500000000000000e+00	
7.5000000000000000e-01	6.0000000000000000e+00	
7.5000000000000000e-01	5.2500000000000000e+00	
-7.5000000000000000e-01	5.2500000000000000e+00	
-3.7500000000000000e+00	6.0000000000000000e+00	
-7.5000000000000000e-01	6.0000000000000000e+00	
-6.0000000000000000e+00	6.0000000000000000e+00	
-5.2500000000000000e+00	5.2500000000000000e+00	
-5.2500000000000000e+00	6.0000000000000000e+00	
-6.0000000000000000e+00	5.2500000000000000e+00	

289
0
1	0 
1	0 
1
1
1	1 
1	1 
1
2
1	2 
1	2 
0
3
1	3 
1	3 
1
4
1	4 
1	4 
0
5
1	5 
1	5 
0
6
1	6 
1	6 
1
7
1	7 
1	7 
0
8
1	8 
1	8 
1
9
1	9 
1	9 
0
10
1	10 
1	10 
0
11
1	11 
1	11 
0
12
1	12 
1	12 
1
13
1	13 
1	13 
0
14
1	14 
1	14 
1
15
1	15 
1	15 
0
16
1	16 
1	16 
0
17
1	17 
1	17 
0
18
1	18 
1	18 
0
19
1	19 
1	19 
0
20
1	20 
1	20 
0
21
1	21 
1	21 
0
22
1	22 
1	22 
0
23
1	23 
1	23 
0
24
1	24 
1	24 
0
25
1	25 
1	25 
0
26
1	26 
1	26 
0
27
1	27 
1	27 
0
28
1	28 
1	28 
0
29
1	29 
1	29 
0
30
1	30 
1	30 
0
31
1	31 
1	31 
0
32
1	32 
1	32 
0
33
1	33 
1	33 
0
34
1	34 
1	34 
0
35
1	35 
1	35 
0
36
1	36 
1	36 
0
37
1	37 
1	37 
0
38
1	38 
1	38 
0
39
1	39 
1	39 
0
40
1	40 
1	40 
0
41
1	41 
1	41 
0
42
1	42 
1	42 
0
43
1	43 
1	43 
0
44
1	44 
1	44 
0
45
1	45 
1	45 
0
46
1	46 
1	46 
0
47
1	47 
1	47 
0
48
1	48 
1	48 
0
49
1	49 
1	49 
0
50
1	50 
1	50 
0
51
1	51 
1	51 
0
52
1	52 
1	52 
0
53
1	53 
1	53 
0
54
1	54 
1	54 
0
55
1	55 
1	55 
0
56
1	56 
1	56 
0
57
1	57 
1	57 
0
58
1	58 
1	58 
0
59
1	59 
1	59 
0
60
1	60 
1	60 
0
61
1	61 
1	61 
0
62
1	62 
1	62 
1
63
1	63 
1	63 
1
64
1	64 
1	64 
0
65
1	65 
1	65 
0
66
1	66 
1	66 
0
67
1	67 
1	67 
0
68
1	68 
1	68 
1
69
1	69 
1	69 
0
70
1	70 
1	70 
1
71
1	71 
1	71 
0
72
1	72 
1	72 
0
73
1	73 
1	73 
0
74
1	74 
1	74 
0
75
1	75 
1	75 
0
76
1	76 
1	76 
0
77
1	77 
1	77 
0
78
1	78 
1	78 
0
79
1	79 
1	79 
0
80
1	80 
1	80 
0
81
1	81 
1	81 
0
82
1	82 
1	82 
1
83
1	83 
1	83 
0
84
1	84 
1	84 
1
85
1	85 
1	85 
1
86
1	86 
1	86 
0
87
1	87 
1	87 
1
88
1	88 
1	88 
0
89
1	89 
1	89 
1
90
1	90 
1	90 
1
91
1	91 
1	91 
0
92
1	92 
1	92 
0
93
1	93 
1	93 
0
94
1	94 
1	94 
0
95
1	95 
1	95 
0
96
1	96 
1	96 
0
97
1	97 
1	97 
0
98
1	98 
1	98 
0
99
1	99 
1	99 
0
100
1	100 
1	100 
0
101
1	101 
1	101 
0
102
1	102 
1	102 
0
103
1	103 
1	103 
0
104
1	104 
1	104 
0
105
1	105 
1	105 
0
106
1	106 
1	106 
0
107
1	107 
1	107 
0
108
1	108 
1	108 
0
109
1	109 
1	109 
0
110
1	110 
1	110 
0
111
1	111 
1	111 
1
112
1	112 
1	112 
0
113
1	113 
1	113 
1
114
1	114 
1	114 
0
115
1	115 
1	115 
0
116
1	116 
1	116 
0
117
1	117 
1	117 
0
118
1	118 
1	118 
1
119
1	119 
1	119 
0
120
1	120 
1	120 
0
121
1	121 
1	121 
0
122
1	122 
1	122 
0
123
1	123 
1	123 
0
124
1	124 
1	124 
0
125
1	125 
1	125 
0
126
1	126 
1	126 
0
127
1	127 
1	127 
0
128
1	128 
1	128 
0
129
1	129 
1	129 
0
130
1	130 
1	130 
0
131
1	131 
1	131 
0
132
1	132 
1	132 
0
133
1	133 
1	133 
0
134
1	134 
1	134 
0
135
1	135 
1	135 
0
136
1	136 
1	136 
0
137
1	137 
1	137 
0
138
1	138 
1	138 
0
139
1	139 
1	139 
0
140
1	140 
1	140 
0
141
1	141 
1	141 
0
142
1	142 
1	142 
0
143
1	143 
1	143 
0
144
1	144 
1	144 
0
145
1	145 
1	145 
0
146
1	146 
1	146 
0
147
1	147 
1	147 
0
148
1	148 
1	148 
0
149
1	149 
1	149 
0
150
1	150 
1	150 
0
151
1	151 
1	151 
0
152
1	152 
1	152 
0
153
1	153 
1	153 
1
154
1	154 
1	154 
0
155
1	155 
1	155 
1
156
1	156 
1	156 
0
157
1	157 
1	157 
0
158
1	158 
1	158 
0
159
1	159 
1	159 
0
160
1	160 
1	160 
0
161
1	161 
1	161 
1
162
1	162 
1	162 
0
163
1	163 
1	163 
1
164
1	164 
1	164 
0
165
1	165 
1	165 
0
166
1	166 
1	166 
0
167
1	167 
1	167 
0
168
1	168 
1	168 
1
169
1	169 
1	169 
0
170
1	170 
1	170 
1
171
1	171 
1	171 
1
172
1	172 
1	172 
0
173
1	173 
1	173 
1
174
1	174 
1	174 
0
175
1	175 
1	175 
0
176
1	176 
1	176 
0
177
1	177 
1	177 
0
178
1	178 
1	178 
0
179
1	179 
1	179 
0
180
1	180 
1	180 
0
181
1	181 
1	181 
0
182
1	182 
1	182 
0
183
1	183 
1	183 
0
184
1	184 
1	184 
0
185
1	185 
1	185 
0
186
1	186 
1	186 
0
187
1	187 
1	187 
0
188
1	188 
1	188 
0
189
1	189 
1	189 
0
190
1	190 
1	190 
0
191
1	191 
1	191 
1
192
1	192 
1	192 
0
193
1	193 
1	193 
1
194
1	194 
1	194 
0
195
1	195 
1	195 
0
196
1	196 
1	196 
0
197
1	197 
1	197 
0
198
1	198 
1	198 
0
199
1	199 
1	199 
0
200
1	200 
1	200 
0
201
1	201 
1	201 
0
202
1	202 
1	202 
0
203
1	203 
1	203 
0
204
1	204 
1	204 
0
205
1	205 
1	205 
1
206
1	206 
1	206 
0
207
1	207 
1	207 
1
208
1	208 
1	208 
1
209
1	209 
1	209 
0
210
1	210 
1	210 
1
211
1	211 
1	211 
0
212
1	212 
1	212 
1
213
1	213 
1	213 
1
214
1	214 
1	214 
0
215
1	215 
1	215 
0
216
1	216 
1	216 
0
217
1	217 
1	217 
0
218
1	218 
1	218 
0
219
1	219 
1	219 
0
220
1	220 
1	220 
0
221
1	221 
1	221 
0
222
1	222 
1	222 
0
223
1	223 
1	223 
0
224
1	224 
1	224 
0
225
1	225 
1	225 
1
226
1	226 
1	226 
0
227
1	227 
1	227 
1
228
1	228 
1	228 
0
229
1	229 
1	229 
0
230
1	230 
1	230 
0
231
1	231 
1	231 
0
232
1	232 
1	232 
0
233
1	233 
1	233 
1
234
1	234 
1	234 
0
235
1	235 
1	235 
1
236
1	236 
1	236 
0
237
1	237 
1	237 
0
238
1	238 
1	238 
0
239
1	239 
1	239 
1
240
1	240 
1	240 
0
241
1	241 
1	241 
0
242
1	242 
1	242 
0
243
1	243 
1	243 
1
244
1	244 
1	244 
1
245
1	245 
1	245 
0
246
1	246 
1	246 
1
247
1	247 
1	247 
0
248
1	248 
1	248 
1
249
1	249 
1	249 
0
250
1	250 
1	250 
0
251
1	251 
1	251 
0
252
1	252 
1	252 
1
253
1	253 
1	253 
1
254
1	254 
1	254 
1
255
1	255 
1	255 
0
256
1	256 
1	256 
0
257
1	257 
1	257 
1
258
1	258 
1	258 
1
259
1	259 
1	259 
1
260
1	260 
1	260 
0
261
1	261 
1	261 
0
262
1	262 
1	262 
0
263
1	263 
1	263 
1
264
1	264 
1	264 
1
265
1	265 
1	265 
0
266
1	266 
1	266 
0
267
1	267 
1	267 
0
268
1	268 
1	268 
1
269
1	269 
1	269 
0
270
1	270 
1	270 
1
271
1	271 
1	271 
0
272
1	272 
1	272 
0
273
1	273 
1	273 
0
274
1	274 
1	274 
1
275
1	275 
1	275 
0
276
1	276 
1	276 
1
277
1	277 
1	277 
0
278
1	278 
1	278 
1
279
1	279 
1	279 
0
280
1	280 
1	280 
1
281
1	281 
1	281 
0
282
1	282 
1	282 
0
283
1	283 
1	283 
1
284
1	284 
1	284 
1
285
1	285 
1	285 
1
286
1	286 
1	286 
0
287
1	287 
1	287 
1
288
1	288 
1	288 
1

800
0
2	2 1 
2	2 1 
0
1
2	0 2 
2	0 2 
0
2
2	0 1 
2	0 1 
1
3
2	1 4 
2	1 4 
0
4
2	1 3 
2	1 3 
1
5
2	4 3 
2	4 3 
0
6
2	4 2 
2	4 2 
0
7
2	5 4 
2	5 4 
0
8
2	2 5 
2	2 5 
0
9
2	6 2 
2	6 2 
0
10
2	0 6 
2	0 6 
1
11
2	2 7 
2	2 7 
0
12
2	7 5 
2	7 5 
0
13
2	7 6 
2	7 6 
0
14
2	8 7 
2	8 7 
0
15
2	6 8 
2	6 8 
1
16
2	11 10 
2	11 10 
0
17
2	11 9 
2	11 9 
0
18
2	9 10 
2	9 10 
0
19
2	10 4 
2	10 4 
0
20
2	10 5 
2	10 5 
0
21
2	4 11 
2	4 11 
0
22
2	3 11 
2	3 11 
0
23
2	14 13 
2	14 13 
0
24
2	14 12 
2	14 12 
1
25
2	13 12 
2	13 12 
0
26
2	13 11 
2	13 11 
0
27
2	9 13 
2	9 13 
0
28
2	11 14 
2	11 14 
0
29
2	3 14 
2	3 14 
1
30
2	17 16 
2	17 16 
0
31
2	17 15 
2	17 15 
0
32
2	16 15 
2	16 15 
0
33
2	16 19 
2	16 19 
0
34
2	18 16 
2	18 16 
0
35
2	19 18 
2	19 18 
0
36
2	19 17 
2	19 17 
0
37
2	5 19 
2	5 19 
0
38
2	5 17 
2	5 17 
0
39
2	21 20 
2	21 20 
0
40
2	21 15 
2	21 15 
0
41
2	15 20 
2	15 20 
0
42
2	20 22 
2	20 22 
0
43
2	20 9 
2	20 9 
0
44
2	22 9 
2	22 9 
0
45
2	22 21 
2	22 21 
0
46
2	23 22 
2	23 22 
0
47
2	23 21 
2	23 21 
0
48
2	24 21 
2	24 21 
0
49
2	15 24 
2	15 24 
0
50
2	21 25 
2	21 25 
0
51
2	25 23 
2	25 23 
0
52
2	25 24 
2	25 24 
0
53
2	26 25 
2	26 25 
0
54
2	24 26 
2	24 26 
0
55
2	25 27 
2	25 27 
0
56
2	23 27 
2	23 27 
0
57
2	27 29 
2	27 29 
0
58
2	27 28 
2	27 28 
0
59
2	28 29 
2	28 29 
0
60
2	29 25 
2	29 25 
0
61
2	29 26 
2	29 26 
0
62
2	32 31 
2	32 31 
0
63
2	32 30 
2	32 30 
0
64
2	30 31 
2	30 31 
0
65
2	31 33 
2	31 33 
0
66
2	31 23 
2	31 23 
0
67
2	33 23 
2	33 23 
0
68
2	33 32 
2	33 32 
0
69
2	34 33 
2	34 33 
0
70
2	34 32 
2	34 32 
0
71
2	37 36 
2	37 36 
0
72
2	35 37 
2	35 37 
0
73
2	36 35 
2	36 35 
0
74
2	36 29 
2	36 29 
0
75
2	26 36 
2	26 36 
0
76
2	29 37 
2	29 37 
0
77
2	37 28 
2	37 28 
0
78
2	40 39 
2	40 39 
0
79
2	40 38 
2	40 38 
0
80
2	38 39 
2	38 39 
0
81
2	39 41 
2	39 41 
0
82
2	39 26 
2	39 26 
0
83
2	26 41 
2	26 41 
0
84
2	41 40 
2	41 40 
0
85
2	41 42 
2	41 42 
0
86
2	42 40 
2	42 40 
0
87
2	43 37 
2	43 37 
0
88
2	35 43 
2	35 43 
0
89
2	37 44 
2	37 44 
0
90
2	44 28 
2	44 28 
0
91
2	44 43 
2	44 43 
0
92
2	45 44 
2	45 44 
0
93
2	43 45 
2	43 45 
0
94
2	47 46 
2	47 46 
0
95
2	35 47 
2	35 47 
0
96
2	35 46 
2	35 46 
0
97
2	46 49 
2	46 49 
0
98
2	46 48 
2	46 48 
0
99
2	49 48 
2	49 48 
0
100
2	49 47 
2	49 47 
0
101
2	42 49 
2	42 49 
0
102
2	47 42 
2	47 42 
0
103
2	51 50 
2	51 50 
0
104
2	35 51 
2	35 51 
0
105
2	35 50 
2	35 50 
0
106
2	50 53 
2	50 53 
0
107
2	50 52 
2	50 52 
0
108
2	53 52 
2	53 52 
0
109
2	53 51 
2	53 51 
0
110
2	54 53 
2	54 53 
0
111
2	51 54 
2	51 54 
0
112
2	57 56 
2	57 56 
0
113
2	57 55 
2	57 55 
0
114
2	56 55 
2	56 55 
0
115
2	56 40 
2	56 40 
0
116
2	38 56 
2	38 56 
0
117
2	40 57 
2	40 57 
0
118
2	42 57 
2	42 57 
0
119
2	59 58 
2	59 58 
0
120
2	59 18 
2	59 18 
0
121
2	18 58 
2	18 58 
0
122
2	58 60 
2	58 60 
0
123
2	58 38 
2	58 38 
0
124
2	38 60 
2	38 60 
0
125
2	60 59 
2	60 59 
0
126
2	60 61 
2	60 61 
0
127
2	61 59 
2	61 59 
0
128
2	64 63 
2	64 63 
0
129
2	62 64 
2	62 64 
0
130
2	63 62 
2	63 62 
1
131
2	63 65 
2	63 65 
0
132
2	8 63 
2	8 63 
1
133
2	65 8 
2	65 8 
0
134
2	65 64 
2	65 64 
0
135
2	18 65 
2	18 65 
0
136
2	64 18 
2	64 18 
0
137
2	36 47 
2	36 47 
0
138
2	47 41 
2	47 41 
0
139
2	41 36 
2	41 36 
0
140
2	66 24 
2	66 24 
0
141
2	15 66 
2	15 66 
0
142
2	24 39 
2	24 39 
0
143
2	39 66 
2	39 66 
0
144
2	66 38 
2	66 38 
0
145
2	20 17 
2	20 17 
0
146
2	17 10 
2	17 10 
0
147
2	10 20 
2	10 20 
0
148
2	16 66 
2	16 66 
0
149
2	66 58 
2	66 58 
0
150
2	58 16 
2	58 16 
0
151
2	19 65 
2	19 65 
0
152
2	65 7 
2	65 7 
0
153
2	7 19 
2	7 19 
0
154
2	22 67 
2	22 67 
0
155
2	9 67 
2	9 67 
0
156
2	67 33 
2	67 33 
0
157
2	67 34 
2	67 34 
0
158
2	33 22 
2	33 22 
0
159
2	69 68 
2	69 68 
0
160
2	12 69 
2	12 69 
0
161
2	12 68 
2	12 68 
1
162
2	68 71 
2	68 71 
0
163
2	68 70 
2	68 70 
1
164
2	71 70 
2	71 70 
0
165
2	71 69 
2	71 69 
0
166
2	34 71 
2	34 71 
0
167
2	69 34 
2	69 34 
0
168
2	13 69 
2	13 69 
0
169
2	69 67 
2	69 67 
0
170
2	67 13 
2	67 13 
0
171
2	31 72 
2	31 72 
0
172
2	72 30 
2	72 30 
0
173
2	72 27 
2	72 27 
0
174
2	28 72 
2	28 72 
0
175
2	27 31 
2	27 31 
0
176
2	73 64 
2	73 64 
0
177
2	73 62 
2	73 62 
0
178
2	64 59 
2	64 59 
0
179
2	59 73 
2	59 73 
0
180
2	61 73 
2	61 73 
0
181
2	75 74 
2	75 74 
0
182
2	55 75 
2	55 75 
0
183
2	55 74 
2	55 74 
0
184
2	74 77 
2	74 77 
0
185
2	74 76 
2	74 76 
0
186
2	77 76 
2	77 76 
0
187
2	77 75 
2	77 75 
0
188
2	61 77 
2	61 77 
0
189
2	75 61 
2	75 61 
0
190
2	74 78 
2	74 78 
0
191
2	78 55 
2	78 55 
0
192
2	78 80 
2	78 80 
0
193
2	79 78 
2	79 78 
0
194
2	80 79 
2	80 79 
0
195
2	80 74 
2	80 74 
0
196
2	76 80 
2	76 80 
0
197
2	80 81 
2	80 81 
0
198
2	79 81 
2	79 81 
0
199
2	81 83 
2	81 83 
0
200
2	81 82 
2	81 82 
0
201
2	82 83 
2	82 83 
0
202
2	83 80 
2	83 80 
0
203
2	83 76 
2	83 76 
0
204
2	86 85 
2	86 85 
0
205
2	86 84 
2	86 84 
0
206
2	85 84 
2	85 84 
1
207
2	85 88 
2	85 88 
0
208
2	87 85 
2	87 85 
1
209
2	88 87 
2	88 87 
0
210
2	88 86 
2	88 86 
0
211
2	76 88 
2	76 88 
0
212
2	76 86 
2	76 86 
0
213
2	91 90 
2	91 90 
0
214
2	89 91 
2	89 91 
0
215
2	90 89 
2	90 89 
1
216
2	90 81 
2	90 81 
0
217
2	82 90 
2	82 90 
1
218
2	81 91 
2	81 91 
0
219
2	91 79 
2	91 79 
0
220
2	94 93 
2	94 93 
0
221
2	94 92 
2	94 92 
0
222
2	92 93 
2	92 93 
0
223
2	93 96 
2	93 96 
0
224
2	93 95 
2	93 95 
0
225
2	95 96 
2	95 96 
0
226
2	96 94 
2	96 94 
0
227
2	96 79 
2	96 79 
0
228
2	79 94 
2	79 94 
0
229
2	56 75 
2	56 75 
0
230
2	75 60 
2	75 60 
0
231
2	60 56 
2	60 56 
0
232
2	97 57 
2	97 57 
0
233
2	55 97 
2	55 97 
0
234
2	57 98 
2	57 98 
0
235
2	98 42 
2	98 42 
0
236
2	98 97 
2	98 97 
0
237
2	92 98 
2	92 98 
0
238
2	97 92 
2	97 92 
0
239
2	101 100 
2	101 100 
0
240
2	101 99 
2	101 99 
0
241
2	100 99 
2	100 99 
0
242
2	100 102 
2	100 102 
0
243
2	92 100 
2	92 100 
0
244
2	102 92 
2	102 92 
0
245
2	102 101 
2	102 101 
0
246
2	48 102 
2	48 102 
0
247
2	48 101 
2	48 101 
0
248
2	103 101 
2	103 101 
0
249
2	99 103 
2	99 103 
0
250
2	101 104 
2	101 104 
0
251
2	104 48 
2	104 48 
0
252
2	104 103 
2	104 103 
0
253
2	105 104 
2	105 104 
0
254
2	103 105 
2	103 105 
0
255
2	107 106 
2	107 106 
0
256
2	99 107 
2	99 107 
0
257
2	99 106 
2	99 106 
0
258
2	106 109 
2	106 109 
0
259
2	106 108 
2	106 108 
0
260
2	109 108 
2	109 108 
0
261
2	109 107 
2	109 107 
0
262
2	95 109 
2	95 109 
0
263
2	107 95 
2	107 95 
0
264
2	111 110 
2	111 110 
0
265
2	89 111 
2	89 111 
1
266
2	110 89 
2	110 89 
0
267
2	110 112 
2	110 112 
0
268
2	95 110 
2	95 110 
0
269
2	112 95 
2	112 95 
0
270
2	112 111 
2	112 111 
0
271
2	113 112 
2	113 112 
0
272
2	111 113 
2	111 113 
1
273
2	78 97 
2	78 97 
0
274
2	97 94 
2	97 94 
0
275
2	94 78 
2	94 78 
0
276
2	102 98 
2	102 98 
0
277
2	98 49 
2	98 49 
0
278
2	49 102 
2	49 102 
0
279
2	100 107 
2	100 107 
0
280
2	107 93 
2	107 93 
0
281
2	93 100 
2	93 100 
0
282
2	110 91 
2	110 91 
0
283
2	91 96 
2	91 96 
0
284
2	96 110 
2	96 110 
0
285
2	46 114 
2	46 114 
0
286
2	35 114 
2	35 114 
0
287
2	114 116 
2	114 116 
0
288
2	114 115 
2	114 115 
0
289
2	116 115 
2	116 115 
0
290
2	116 46 
2	116 46 
0
291
2	48 116 
2	48 116 
0
292
2	117 77 
2	117 77 
0
293
2	117 61 
2	117 61 
0
294
2	77 88 
2	77 88 
0
295
2	88 117 
2	88 117 
0
296
2	87 117 
2	87 117 
0
297
2	118 73 
2	118 73 
0
298
2	62 118 
2	62 118 
1
299
2	73 117 
2	73 117 
0
300
2	117 118 
2	117 118 
0
301
2	118 87 
2	118 87 
1
302
2	50 43 
2	50 43 
0
303
2	43 119 
2	43 119 
0
304
2	119 45 
2	119 45 
0
305
2	119 50 
2	119 50 
0
306
2	52 119 
2	52 119 
0
307
2	122 121 
2	122 121 
0
308
2	122 120 
2	122 120 
0
309
2	120 121 
2	120 121 
0
310
2	121 53 
2	121 53 
0
311
2	121 54 
2	121 54 
0
312
2	53 122 
2	53 122 
0
313
2	52 122 
2	52 122 
0
314
2	125 124 
2	125 124 
0
315
2	123 125 
2	123 125 
0
316
2	124 123 
2	124 123 
0
317
2	124 126 
2	124 126 
0
318
2	52 124 
2	52 124 
0
319
2	126 52 
2	126 52 
0
320
2	126 125 
2	126 125 
0
321
2	127 126 
2	127 126 
0
322
2	125 127 
2	125 127 
0
323
2	130 129 
2	130 129 
0
324
2	130 128 
2	130 128 
0
325
2	129 128 
2	129 128 
0
326
2	129 131 
2	129 131 
0
327
2	127 129 
2	127 129 
0
328
2	131 127 
2	131 127 
0
329
2	131 130 
2	131 130 
0
330
2	45 131 
2	45 131 
0
331
2	45 130 
2	45 130 
0
332
2	134 133 
2	134 133 
0
333
2	132 134 
2	132 134 
0
334
2	133 132 
2	133 132 
0
335
2	133 121 
2	133 121 
0
336
2	54 133 
2	54 133 
0
337
2	121 134 
2	121 134 
0
338
2	134 120 
2	134 120 
0
339
2	135 134 
2	135 134 
0
340
2	135 132 
2	135 132 
0
341
2	134 136 
2	134 136 
0
342
2	136 120 
2	136 120 
0
343
2	136 135 
2	136 135 
0
344
2	137 136 
2	137 136 
0
345
2	137 135 
2	137 135 
0
346
2	138 125 
2	138 125 
0
347
2	138 123 
2	138 123 
0
348
2	125 139 
2	125 139 
0
349
2	139 127 
2	139 127 
0
350
2	139 138 
2	139 138 
0
351
2	140 139 
2	140 139 
0
352
2	140 138 
2	140 138 
0
353
2	141 138 
2	141 138 
0
354
2	123 141 
2	123 141 
0
355
2	138 142 
2	138 142 
0
356
2	142 140 
2	142 140 
0
357
2	142 141 
2	142 141 
0
358
2	143 142 
2	143 142 
0
359
2	141 143 
2	141 143 
0
360
2	144 135 
2	144 135 
0
361
2	132 144 
2	132 144 
0
362
2	135 145 
2	135 145 
0
363
2	145 137 
2	145 137 
0
364
2	145 144 
2	145 144 
0
365
2	146 145 
2	146 145 
0
366
2	144 146 
2	144 146 
0
367
2	148 147 
2	148 147 
0
368
2	148 132 
2	148 132 
0
369
2	132 147 
2	132 147 
0
370
2	147 150 
2	147 150 
0
371
2	147 149 
2	147 149 
0
372
2	150 149 
2	150 149 
0
373
2	150 148 
2	150 148 
0
374
2	151 150 
2	151 150 
0
375
2	151 148 
2	151 148 
0
376
2	145 152 
2	145 152 
0
377
2	137 152 
2	137 152 
0
378
2	152 154 
2	152 154 
0
379
2	152 153 
2	152 153 
0
380
2	153 154 
2	153 154 
0
381
2	154 145 
2	154 145 
0
382
2	154 146 
2	154 146 
0
383
2	157 156 
2	157 156 
0
384
2	157 155 
2	157 155 
0
385
2	155 156 
2	155 156 
0
386
2	156 158 
2	156 158 
0
387
2	156 137 
2	156 137 
0
388
2	158 137 
2	158 137 
0
389
2	158 157 
2	158 157 
0
390
2	159 158 
2	159 158 
0
391
2	159 157 
2	159 157 
0
392
2	142 160 
2	142 160 
0
393
2	140 160 
2	140 160 
0
394
2	160 162 
2	160 162 
0
395
2	160 161 
2	160 161 
0
396
2	161 162 
2	161 162 
0
397
2	162 142 
2	162 142 
0
398
2	162 143 
2	162 143 
0
399
2	165 164 
2	165 164 
0
400
2	165 163 
2	165 163 
0
401
2	163 164 
2	163 164 
0
402
2	164 166 
2	164 166 
0
403
2	164 140 
2	164 140 
0
404
2	166 140 
2	166 140 
0
405
2	166 165 
2	166 165 
0
406
2	167 166 
2	167 166 
0
407
2	167 165 
2	167 165 
0
408
2	170 169 
2	170 169 
0
409
2	170 168 
2	170 168 
1
410
2	169 168 
2	169 168 
0
411
2	169 162 
2	169 162 
0
412
2	143 169 
2	143 169 
0
413
2	162 170 
2	162 170 
0
414
2	161 170 
2	161 170 
1
415
2	173 172 
2	173 172 
0
416
2	173 171 
2	173 171 
1
417
2	172 171 
2	172 171 
0
418
2	172 154 
2	172 154 
0
419
2	146 172 
2	146 172 
0
420
2	154 173 
2	154 173 
0
421
2	153 173 
2	153 173 
1
422
2	114 51 
2	114 51 
0
423
2	51 174 
2	51 174 
0
424
2	174 54 
2	174 54 
0
425
2	174 114 
2	174 114 
0
426
2	115 174 
2	115 174 
0
427
2	177 176 
2	177 176 
0
428
2	177 175 
2	177 175 
0
429
2	176 175 
2	176 175 
0
430
2	176 178 
2	176 178 
0
431
2	105 176 
2	105 176 
0
432
2	178 105 
2	178 105 
0
433
2	178 177 
2	178 177 
0
434
2	115 178 
2	115 178 
0
435
2	115 177 
2	115 177 
0
436
2	176 179 
2	176 179 
0
437
2	175 179 
2	175 179 
0
438
2	179 181 
2	179 181 
0
439
2	179 180 
2	179 180 
0
440
2	181 180 
2	181 180 
0
441
2	181 176 
2	181 176 
0
442
2	105 181 
2	105 181 
0
443
2	183 182 
2	183 182 
0
444
2	183 175 
2	183 175 
0
445
2	175 182 
2	175 182 
0
446
2	182 184 
2	182 184 
0
447
2	182 151 
2	182 151 
0
448
2	184 151 
2	184 151 
0
449
2	184 183 
2	184 183 
0
450
2	185 184 
2	185 184 
0
451
2	185 183 
2	185 183 
0
452
2	178 104 
2	178 104 
0
453
2	104 116 
2	104 116 
0
454
2	116 178 
2	116 178 
0
455
2	131 126 
2	131 126 
0
456
2	126 119 
2	126 119 
0
457
2	119 131 
2	119 131 
0
458
2	124 186 
2	124 186 
0
459
2	186 123 
2	186 123 
0
460
2	186 122 
2	186 122 
0
461
2	120 186 
2	120 186 
0
462
2	122 124 
2	122 124 
0
463
2	133 148 
2	133 148 
0
464
2	148 187 
2	148 187 
0
465
2	187 151 
2	187 151 
0
466
2	187 133 
2	187 133 
0
467
2	54 187 
2	54 187 
0
468
2	187 188 
2	187 188 
0
469
2	151 188 
2	151 188 
0
470
2	188 174 
2	188 174 
0
471
2	188 115 
2	188 115 
0
472
2	174 187 
2	174 187 
0
473
2	182 177 
2	182 177 
0
474
2	177 188 
2	177 188 
0
475
2	188 182 
2	188 182 
0
476
2	186 189 
2	186 189 
0
477
2	123 189 
2	123 189 
0
478
2	189 190 
2	189 190 
0
479
2	189 159 
2	189 159 
0
480
2	190 159 
2	190 159 
0
481
2	190 186 
2	190 186 
0
482
2	120 190 
2	120 190 
0
483
2	191 157 
2	191 157 
0
484
2	191 155 
2	191 155 
1
485
2	157 192 
2	157 192 
0
486
2	192 159 
2	192 159 
0
487
2	192 191 
2	192 191 
0
488
2	193 192 
2	193 192 
0
489
2	193 191 
2	193 191 
1
490
2	136 190 
2	136 190 
0
491
2	190 158 
2	190 158 
0
492
2	158 136 
2	158 136 
0
493
2	189 141 
2	189 141 
0
494
2	141 194 
2	141 194 
0
495
2	194 143 
2	194 143 
0
496
2	194 189 
2	194 189 
0
497
2	159 194 
2	159 194 
0
498
2	192 194 
2	192 194 
0
499
2	194 195 
2	194 195 
0
500
2	143 195 
2	143 195 
0
501
2	195 192 
2	195 192 
0
502
2	195 193 
2	195 193 
0
503
2	139 196 
2	139 196 
0
504
2	127 196 
2	127 196 
0
505
2	196 166 
2	196 166 
0
506
2	196 167 
2	196 167 
0
507
2	166 139 
2	166 139 
0
508
2	198 197 
2	198 197 
0
509
2	128 198 
2	128 198 
0
510
2	128 197 
2	128 197 
0
511
2	197 200 
2	197 200 
0
512
2	197 199 
2	197 199 
0
513
2	200 199 
2	200 199 
0
514
2	200 198 
2	200 198 
0
515
2	167 200 
2	167 200 
0
516
2	198 167 
2	198 167 
0
517
2	197 201 
2	197 201 
0
518
2	201 128 
2	201 128 
0
519
2	201 203 
2	201 203 
0
520
2	202 201 
2	202 201 
0
521
2	203 202 
2	203 202 
0
522
2	203 197 
2	203 197 
0
523
2	199 203 
2	199 203 
0
524
2	203 204 
2	203 204 
0
525
2	202 204 
2	202 204 
0
526
2	204 206 
2	204 206 
0
527
2	204 205 
2	204 205 
0
528
2	205 206 
2	205 206 
0
529
2	206 203 
2	206 203 
0
530
2	206 199 
2	206 199 
0
531
2	209 208 
2	209 208 
0
532
2	209 207 
2	209 207 
0
533
2	207 208 
2	207 208 
1
534
2	208 211 
2	208 211 
0
535
2	208 210 
2	208 210 
1
536
2	211 210 
2	211 210 
0
537
2	211 209 
2	211 209 
0
538
2	199 211 
2	199 211 
0
539
2	199 209 
2	199 209 
0
540
2	214 213 
2	214 213 
0
541
2	212 214 
2	212 214 
0
542
2	212 213 
2	212 213 
1
543
2	213 204 
2	213 204 
0
544
2	213 205 
2	213 205 
1
545
2	204 214 
2	204 214 
0
546
2	214 202 
2	214 202 
0
547
2	217 216 
2	217 216 
0
548
2	217 215 
2	217 215 
0
549
2	215 216 
2	215 216 
0
550
2	216 219 
2	216 219 
0
551
2	216 218 
2	216 218 
0
552
2	218 219 
2	218 219 
0
553
2	219 217 
2	219 217 
0
554
2	219 202 
2	219 202 
0
555
2	202 217 
2	202 217 
0
556
2	221 220 
2	221 220 
0
557
2	30 221 
2	30 221 
0
558
2	30 220 
2	30 220 
0
559
2	220 223 
2	220 223 
0
560
2	220 222 
2	220 222 
0
561
2	223 222 
2	223 222 
0
562
2	223 221 
2	223 221 
0
563
2	218 223 
2	218 223 
0
564
2	221 218 
2	221 218 
0
565
2	225 224 
2	225 224 
0
566
2	225 212 
2	225 212 
1
567
2	224 212 
2	224 212 
0
568
2	224 226 
2	224 226 
0
569
2	218 224 
2	218 224 
0
570
2	226 218 
2	226 218 
0
571
2	226 225 
2	226 225 
0
572
2	227 226 
2	227 226 
0
573
2	227 225 
2	227 225 
1
574
2	129 198 
2	129 198 
0
575
2	198 196 
2	198 196 
0
576
2	196 129 
2	196 129 
0
577
2	229 228 
2	229 228 
0
578
2	229 215 
2	229 215 
0
579
2	215 228 
2	215 228 
0
580
2	228 44 
2	228 44 
0
581
2	228 45 
2	228 45 
0
582
2	44 229 
2	44 229 
0
583
2	28 229 
2	28 229 
0
584
2	230 130 
2	230 130 
0
585
2	128 230 
2	128 230 
0
586
2	130 228 
2	130 228 
0
587
2	228 230 
2	228 230 
0
588
2	230 215 
2	230 215 
0
589
2	201 230 
2	201 230 
0
590
2	230 217 
2	230 217 
0
591
2	217 201 
2	217 201 
0
592
2	72 231 
2	72 231 
0
593
2	231 30 
2	231 30 
0
594
2	231 229 
2	231 229 
0
595
2	215 231 
2	215 231 
0
596
2	229 72 
2	229 72 
0
597
2	231 221 
2	231 221 
0
598
2	221 216 
2	221 216 
0
599
2	216 231 
2	216 231 
0
600
2	224 214 
2	224 214 
0
601
2	214 219 
2	214 219 
0
602
2	219 224 
2	219 224 
0
603
2	220 32 
2	220 32 
0
604
2	32 232 
2	32 232 
0
605
2	232 34 
2	232 34 
0
606
2	232 220 
2	232 220 
0
607
2	222 232 
2	222 232 
0
608
2	235 234 
2	235 234 
0
609
2	235 233 
2	235 233 
1
610
2	234 233 
2	234 233 
0
611
2	234 236 
2	234 236 
0
612
2	222 234 
2	222 234 
0
613
2	236 222 
2	236 222 
0
614
2	236 235 
2	236 235 
0
615
2	70 236 
2	70 236 
0
616
2	70 235 
2	70 235 
1
617
2	232 71 
2	232 71 
0
618
2	71 236 
2	71 236 
0
619
2	236 232 
2	236 232 
0
620
2	226 223 
2	226 223 
0
621
2	223 237 
2	223 237 
0
622
2	222 237 
2	222 237 
0
623
2	237 226 
2	237 226 
0
624
2	237 227 
2	237 227 
0
625
2	147 144 
2	147 144 
0
626
2	144 238 
2	144 238 
0
627
2	238 146 
2	238 146 
0
628
2	238 147 
2	238 147 
0
629
2	149 238 
2	149 238 
0
630
2	241 240 
2	241 240 
0
631
2	241 239 
2	241 239 
0
632
2	239 240 
2	239 240 
0
633
2	240 242 
2	240 242 
0
634
2	240 185 
2	240 185 
0
635
2	242 185 
2	242 185 
0
636
2	242 241 
2	242 241 
0
637
2	149 242 
2	149 242 
0
638
2	149 241 
2	149 241 
0
639
2	240 243 
2	240 243 
0
640
2	243 239 
2	243 239 
1
641
2	243 245 
2	243 245 
0
642
2	244 243 
2	244 243 
1
643
2	245 244 
2	245 244 
0
644
2	245 240 
2	245 240 
0
645
2	185 245 
2	185 245 
0
646
2	184 150 
2	184 150 
0
647
2	150 242 
2	150 242 
0
648
2	242 184 
2	242 184 
0
649
2	156 246 
2	156 246 
0
650
2	155 246 
2	155 246 
1
651
2	246 152 
2	246 152 
0
652
2	246 153 
2	246 153 
1
653
2	152 156 
2	152 156 
0
654
2	247 200 
2	247 200 
0
655
2	247 167 
2	247 167 
0
656
2	200 211 
2	200 211 
0
657
2	211 247 
2	211 247 
0
658
2	210 247 
2	210 247 
0
659
2	248 86 
2	248 86 
0
660
2	84 248 
2	84 248 
1
661
2	86 83 
2	86 83 
0
662
2	83 248 
2	83 248 
0
663
2	248 82 
2	248 82 
1
664
2	249 103 
2	249 103 
0
665
2	249 99 
2	249 99 
0
666
2	103 250 
2	103 250 
0
667
2	250 105 
2	250 105 
0
668
2	250 249 
2	250 249 
0
669
2	251 250 
2	251 250 
0
670
2	251 249 
2	251 249 
0
671
2	164 252 
2	164 252 
0
672
2	163 252 
2	163 252 
1
673
2	252 160 
2	252 160 
0
674
2	252 161 
2	252 161 
1
675
2	160 164 
2	160 164 
0
676
2	253 165 
2	253 165 
0
677
2	253 163 
2	253 163 
1
678
2	165 247 
2	165 247 
0
679
2	247 253 
2	247 253 
0
680
2	210 253 
2	210 253 
1
681
2	169 254 
2	169 254 
0
682
2	168 254 
2	168 254 
1
683
2	254 195 
2	254 195 
0
684
2	254 193 
2	254 193 
1
685
2	195 169 
2	195 169 
0
686
2	255 238 
2	255 238 
0
687
2	255 149 
2	255 149 
0
688
2	238 256 
2	238 256 
0
689
2	146 256 
2	146 256 
0
690
2	256 255 
2	256 255 
0
691
2	256 257 
2	256 257 
0
692
2	257 255 
2	257 255 
0
693
2	258 241 
2	258 241 
0
694
2	239 258 
2	239 258 
1
695
2	241 255 
2	241 255 
0
696
2	255 258 
2	255 258 
0
697
2	258 257 
2	258 257 
1
698
2	172 259 
2	172 259 
0
699
2	259 171 
2	259 171 
1
700
2	259 256 
2	259 256 
0
701
2	257 259 
2	257 259 
1
702
2	256 172 
2	256 172 
0
703
2	260 183 
2	260 183 
0
704
2	175 260 
2	175 260 
0
705
2	183 261 
2	183 261 
0
706
2	261 185 
2	261 185 
0
707
2	261 260 
2	261 260 
0
708
2	262 261 
2	262 261 
0
709
2	260 262 
2	260 262 
0
710
2	263 209 
2	263 209 
0
711
2	263 207 
2	263 207 
1
712
2	209 206 
2	209 206 
0
713
2	206 263 
2	206 263 
0
714
2	205 263 
2	205 263 
1
715
2	234 264 
2	234 264 
0
716
2	233 264 
2	233 264 
1
717
2	264 237 
2	264 237 
0
718
2	264 227 
2	264 227 
1
719
2	237 234 
2	237 234 
0
720
2	112 109 
2	112 109 
0
721
2	109 265 
2	109 265 
0
722
2	108 265 
2	108 265 
0
723
2	265 112 
2	265 112 
0
724
2	265 113 
2	265 113 
0
725
2	267 266 
2	267 266 
0
726
2	267 251 
2	267 251 
0
727
2	251 266 
2	251 266 
0
728
2	266 269 
2	266 269 
0
729
2	266 268 
2	266 268 
0
730
2	268 269 
2	268 269 
0
731
2	269 267 
2	269 267 
0
732
2	269 108 
2	269 108 
0
733
2	108 267 
2	108 267 
0
734
2	272 271 
2	272 271 
0
735
2	272 270 
2	272 270 
0
736
2	270 271 
2	270 271 
0
737
2	271 273 
2	271 273 
0
738
2	271 251 
2	271 251 
0
739
2	273 251 
2	273 251 
0
740
2	273 272 
2	273 272 
0
741
2	180 273 
2	180 273 
0
742
2	180 272 
2	180 272 
0
743
2	274 272 
2	274 272 
0
744
2	270 274 
2	270 274 
1
745
2	272 275 
2	272 275 
0
746
2	275 180 
2	275 180 
0
747
2	275 274 
2	275 274 
0
748
2	276 275 
2	276 275 
0
749
2	274 276 
2	274 276 
1
750
2	106 249 
2	106 249 
0
751
2	249 267 
2	249 267 
0
752
2	267 106 
2	267 106 
0
753
2	250 181 
2	250 181 
0
754
2	181 273 
2	181 273 
0
755
2	273 250 
2	273 250 
0
756
2	179 260 
2	179 260 
0
757
2	260 277 
2	260 277 
0
758
2	277 262 
2	277 262 
0
759
2	277 179 
2	277 179 
0
760
2	180 277 
2	180 277 
0
761
2	280 279 
2	280 279 
0
762
2	278 280 
2	278 280 
1
763
2	279 278 
2	279 278 
0
764
2	279 281 
2	279 281 
0
765
2	262 279 
2	262 279 
0
766
2	281 262 
2	281 262 
0
767
2	281 280 
2	281 280 
0
768
2	244 281 
2	244 281 
0
769
2	280 244 
2	280 244 
1
770
2	261 245 
2	261 245 
0
771
2	245 281 
2	245 281 
0
772
2	281 261 
2	281 261 
0
773
2	275 277 
2	275 277 
0
774
2	277 282 
2	277 282 
0
775
2	262 282 
2	262 282 
0
776
2	282 275 
2	282 275 
0
777
2	282 276 
2	282 276 
0
778
2	271 283 
2	271 283 
0
779
2	283 270 
2	283 270 
1
780
2	283 266 
2	283 266 
0
781
2	268 283 
2	268 283 
1
782
2	266 271 
2	266 271 
0
783
2	279 284 
2	279 284 
0
784
2	284 278 
2	284 278 
1
785
2	284 282 
2	284 282 
0
786
2	276 284 
2	276 284 
1
787
2	282 279 
2	282 279 
0
788
2	287 286 
2	287 286 
0
789
2	285 287 
2	285 287 
1
790
2	286 285 
2	286 285 
0
791
2	286 269 
2	286 269 
0
792
2	108 286 
2	108 286 
0
793
2	269 287 
2	269 287 
0
794
2	287 268 
2	287 268 
1
795
2	286 288 
2	286 288 
0
796
2	288 285 
2	288 285 
1
797
2	288 265 
2	288 265 
0
798
2	113 288 
2	113 288 
1
799
2	265 286 
2	265 286 
0

512
0
3	0 1 2 
3	0 1 2 
0
1
3	0 2 6 
3	9 10 1 
0
2
3	4 2 1 
3	0 3 6 
0
3
3	3 4 1 
3	3 4 5 
0
4
3	5 7 2 
3	11 8 12 
0
5
3	5 4 10 
3	19 20 7 
0
6
3	5 10 17 
3	146 38 20 
0
7
3	10 20 17 
3	145 146 147 
0
8
3	9 10 11 
3	16 17 18 
0
9
3	15 17 20 
3	145 41 31 
0
10
3	19 17 16 
3	30 33 36 
0
11
3	15 20 21 
3	39 40 41 
0
12
3	15 21 24 
3	48 49 40 
0
13
3	25 24 21 
3	48 50 52 
0
14
3	23 21 22 
3	45 46 47 
0
15
3	26 24 25 
3	52 53 54 
0
16
3	39 66 24 
3	140 142 143 
0
17
3	23 27 25 
3	55 51 56 
0
18
3	23 22 33 
3	158 67 46 
0
19
3	9 67 22 
3	154 44 155 
0
20
3	9 11 13 
3	26 27 17 
0
21
3	3 14 11 
3	28 22 29 
0
22
3	5 2 4 
3	6 7 8 
0
23
3	4 11 10 
3	16 19 21 
0
24
3	3 11 4 
3	21 5 22 
0
25
3	9 20 10 
3	147 18 43 
0
26
3	9 22 20 
3	42 43 44 
0
27
3	22 21 20 
3	39 42 45 
0
28
3	23 25 21 
3	50 47 51 
0
29
3	5 17 19 
3	36 37 38 
0
30
3	7 19 65 
3	151 152 153 
0
31
3	8 6 7 
3	13 14 15 
0
32
3	5 19 7 
3	153 12 37 
0
33
3	7 6 2 
3	9 11 13 
0
34
3	15 16 17 
3	30 31 32 
0
35
3	58 16 66 
3	148 149 150 
0
36
3	38 66 39 
3	143 80 144 
0
37
3	26 41 39 
3	81 82 83 
0
38
3	26 36 41 
3	139 83 75 
0
39
3	41 36 47 
3	137 138 139 
0
40
3	42 40 41 
3	84 85 86 
0
41
3	35 47 36 
3	137 73 95 
0
42
3	29 37 36 
3	71 74 76 
0
43
3	35 46 47 
3	94 95 96 
0
44
3	35 37 43 
3	87 88 72 
0
45
3	35 50 51 
3	103 104 105 
0
46
3	28 37 29 
3	76 59 77 
0
47
3	15 24 66 
3	140 141 49 
0
48
3	15 66 16 
3	148 32 141 
0
49
3	26 39 24 
3	142 54 82 
0
50
3	35 36 37 
3	71 72 73 
0
51
3	26 29 36 
3	74 75 61 
0
52
3	26 25 29 
3	60 61 53 
0
53
3	29 25 27 
3	55 57 60 
0
54
3	28 27 72 
3	173 174 58 
0
55
3	28 72 229 
3	596 583 174 
0
56
3	229 72 231 
3	592 594 596 
0
57
3	30 72 31 
3	171 64 172 
0
58
3	215 229 231 
3	594 595 578 
0
59
3	44 229 228 
3	577 580 582 
0
60
3	30 221 231 
3	597 593 557 
0
61
3	30 31 32 
3	62 63 64 
0
62
3	28 29 27 
3	57 58 59 
0
63
3	23 31 27 
3	175 56 66 
0
64
3	27 31 72 
3	171 173 175 
0
65
3	30 231 72 
3	592 172 593 
0
66
3	23 33 31 
3	65 66 67 
0
67
3	34 32 33 
3	68 69 70 
0
68
3	34 232 32 
3	604 70 605 
0
69
3	34 67 69 
3	169 167 157 
0
70
3	33 32 31 
3	62 65 68 
0
71
3	33 22 67 
3	154 156 158 
0
72
3	34 33 67 
3	156 157 69 
0
73
3	9 13 67 
3	170 155 27 
0
74
3	12 13 14 
3	23 24 25 
0
75
3	11 14 13 
3	23 26 28 
0
76
3	67 13 69 
3	168 169 170 
0
77
3	12 68 69 
3	159 160 161 
0
78
3	12 69 13 
3	168 25 160 
0
79
3	41 40 39 
3	78 81 84 
0
80
3	38 40 56 
3	115 116 79 
0
81
3	38 60 58 
3	122 123 124 
0
82
3	60 59 58 
3	119 122 125 
0
83
3	60 56 75 
3	229 230 231 
0
84
3	55 75 56 
3	229 114 182 
0
85
3	55 74 75 
3	181 182 183 
0
86
3	61 75 77 
3	187 188 189 
0
87
3	55 78 74 
3	190 183 191 
0
88
3	55 57 97 
3	232 233 113 
0
89
3	76 77 74 
3	184 185 186 
0
90
3	61 77 117 
3	292 293 188 
0
91
3	61 73 59 
3	179 127 180 
0
92
3	59 73 64 
3	176 178 179 
0
93
3	117 118 73 
3	297 299 300 
0
94
3	87 118 117 
3	300 296 301 
0
95
3	38 39 40 
3	78 79 80 
0
96
3	38 58 66 
3	149 144 123 
0
97
3	38 56 60 
3	231 124 116 
0
98
3	61 60 75 
3	230 189 126 
0
99
3	61 59 60 
3	125 126 127 
0
100
3	77 75 74 
3	181 184 187 
0
101
3	61 117 73 
3	299 180 293 
0
102
3	42 41 47 
3	138 102 85 
0
103
3	42 98 57 
3	234 118 235 
0
104
3	40 57 56 
3	112 115 117 
0
105
3	55 56 57 
3	112 113 114 
0
106
3	42 57 40 
3	117 86 118 
0
107
3	28 44 37 
3	89 77 90 
0
108
3	45 43 44 
3	91 92 93 
0
109
3	45 119 43 
3	303 93 304 
0
110
3	45 228 130 
3	586 331 581 
0
111
3	215 230 228 
3	587 579 588 
0
112
3	215 217 230 
3	590 588 548 
0
113
3	128 130 230 
3	584 585 324 
0
114
3	128 129 130 
3	323 324 325 
0
115
3	128 198 129 
3	574 325 509 
0
116
3	128 201 197 
3	517 510 518 
0
117
3	196 129 198 
3	574 575 576 
0
118
3	127 131 129 
3	326 327 328 
0
119
3	200 198 197 
3	508 511 514 
0
120
3	203 197 201 
3	517 519 522 
0
121
3	202 201 217 
3	591 555 520 
0
122
3	202 217 219 
3	553 554 555 
0
123
3	202 204 203 
3	524 521 525 
0
124
3	206 203 204 
3	524 526 529 
0
125
3	205 206 204 
3	526 527 528 
0
126
3	204 214 213 
3	540 543 545 
0
127
3	205 263 206 
3	713 528 714 
0
128
3	199 206 209 
3	712 539 530 
0
129
3	28 229 44 
3	582 90 583 
0
130
3	44 43 37 
3	87 89 91 
0
131
3	215 228 229 
3	577 578 579 
0
132
3	45 44 228 
3	580 581 92 
0
133
3	228 230 130 
3	584 586 587 
0
134
3	128 230 201 
3	589 518 585 
0
135
3	217 201 230 
3	589 590 591 
0
136
3	128 197 198 
3	508 509 510 
0
137
3	202 203 201 
3	519 520 521 
0
138
3	35 43 50 
3	302 105 88 
0
139
3	53 51 50 
3	103 106 109 
0
140
3	54 51 53 
3	109 110 111 
0
141
3	174 114 51 
3	422 423 425 
0
142
3	54 53 121 
3	310 311 110 
0
143
3	52 122 53 
3	312 108 313 
0
144
3	54 121 133 
3	335 336 311 
0
145
3	120 121 122 
3	307 308 309 
0
146
3	52 124 122 
3	462 313 318 
0
147
3	52 119 126 
3	456 319 306 
0
148
3	127 126 131 
3	455 328 321 
0
149
3	127 196 139 
3	503 349 504 
0
150
3	166 139 196 
3	503 505 507 
0
151
3	126 125 124 
3	314 317 320 
0
152
3	123 124 125 
3	314 315 316 
0
153
3	140 139 166 
3	507 404 351 
0
154
3	140 166 164 
3	402 403 404 
0
155
3	167 165 166 
3	405 406 407 
0
156
3	123 125 138 
3	346 347 315 
0
157
3	123 138 141 
3	353 354 347 
0
158
3	123 189 186 
3	476 459 477 
0
159
3	140 164 160 
3	675 393 403 
0
160
3	163 164 165 
3	399 400 401 
0
161
3	167 247 165 
3	678 407 655 
0
162
3	142 141 138 
3	353 355 357 
0
163
3	143 141 142 
3	357 358 359 
0
164
3	162 142 160 
3	392 394 397 
0
165
3	161 162 160 
3	394 395 396 
0
166
3	143 162 169 
3	411 412 398 
0
167
3	143 169 195 
3	685 500 412 
0
168
3	195 169 254 
3	681 683 685 
0
169
3	168 169 170 
3	408 409 410 
0
170
3	193 195 254 
3	683 684 502 
0
171
3	195 192 194 
3	498 499 501 
0
172
3	35 51 114 
3	422 286 104 
0
173
3	116 46 114 
3	285 287 290 
0
174
3	48 46 116 
3	290 291 98 
0
175
3	48 116 104 
3	453 251 291 
0
176
3	115 178 116 
3	454 289 434 
0
177
3	48 104 101 
3	250 247 251 
0
178
3	48 102 49 
3	278 99 246 
0
179
3	49 102 98 
3	276 277 278 
0
180
3	92 97 98 
3	236 237 238 
0
181
3	94 78 97 
3	273 274 275 
0
182
3	79 78 94 
3	275 228 193 
0
183
3	104 103 101 
3	248 250 252 
0
184
3	99 101 103 
3	248 249 240 
0
185
3	92 102 100 
3	242 243 244 
0
186
3	92 100 93 
3	281 222 243 
0
187
3	79 94 96 
3	226 227 228 
0
188
3	79 96 91 
3	283 219 227 
0
189
3	79 81 80 
3	197 194 198 
0
190
3	99 103 249 
3	664 665 249 
0
191
3	105 250 103 
3	666 254 667 
0
192
3	99 249 106 
3	750 257 665 
0
193
3	93 100 107 
3	279 280 281 
0
194
3	95 93 107 
3	280 263 224 
0
195
3	95 110 96 
3	284 225 268 
0
196
3	251 249 250 
3	668 669 670 
0
197
3	105 181 250 
3	753 667 442 
0
198
3	105 178 176 
3	430 431 432 
0
199
3	115 177 178 
3	433 434 435 
0
200
3	115 174 188 
3	470 471 426 
0
201
3	174 187 188 
3	468 470 472 
0
202
3	109 107 106 
3	255 258 261 
0
203
3	108 109 106 
3	258 259 260 
0
204
3	95 112 110 
3	267 268 269 
0
205
3	89 91 110 
3	282 266 214 
0
206
3	89 90 91 
3	213 214 215 
0
207
3	188 182 177 
3	473 474 475 
0
208
3	175 176 177 
3	427 428 429 
0
209
3	181 176 179 
3	436 438 441 
0
210
3	180 181 179 
3	438 439 440 
0
211
3	108 265 109 
3	721 260 722 
0
212
3	108 286 265 
3	799 722 792 
0
213
3	108 267 269 
3	731 732 733 
0
214
3	113 112 265 
3	723 724 271 
0
215
3	113 111 112 
3	270 271 272 
0
216
3	175 260 179 
3	756 437 704 
0
217
3	175 182 183 
3	443 444 445 
0
218
3	184 183 182 
3	443 446 449 
0
219
3	261 260 183 
3	703 705 707 
0
220
3	262 260 261 
3	707 708 709 
0
221
3	262 261 281 
3	772 766 708 
0
222
3	185 245 261 
3	770 706 645 
0
223
3	262 281 279 
3	764 765 766 
0
224
3	262 282 277 
3	774 758 775 
0
225
3	281 280 279 
3	761 764 767 
0
226
3	278 279 280 
3	761 762 763 
0
227
3	35 114 46 
3	285 96 286 
0
228
3	54 174 51 
3	423 111 424 
0
229
3	55 97 78 
3	273 191 233 
0
230
3	98 97 57 
3	232 234 236 
0
231
3	92 94 97 
3	274 238 221 
0
232
3	92 98 102 
3	276 244 237 
0
233
3	92 93 94 
3	220 221 222 
0
234
3	96 94 93 
3	220 223 226 
0
235
3	95 96 93 
3	223 224 225 
0
236
3	42 49 98 
3	277 235 101 
0
237
3	42 47 49 
3	100 101 102 
0
238
3	49 47 46 
3	94 97 100 
0
239
3	48 49 46 
3	97 98 99 
0
240
3	48 101 102 
3	245 246 247 
0
241
3	102 101 100 
3	239 242 245 
0
242
3	99 100 101 
3	239 240 241 
0
243
3	99 107 100 
3	279 241 256 
0
244
3	99 106 107 
3	255 256 257 
0
245
3	95 107 109 
3	261 262 263 
0
246
3	95 109 112 
3	720 269 262 
0
247
3	265 112 109 
3	720 721 723 
0
248
3	115 114 174 
3	425 426 288 
0
249
3	115 116 114 
3	287 288 289 
0
250
3	116 178 104 
3	452 453 454 
0
251
3	105 103 104 
3	252 253 254 
0
252
3	105 104 178 
3	452 432 253 
0
253
3	115 188 177 
3	474 435 471 
0
254
3	178 177 176 
3	427 430 433 
0
255
3	105 176 181 
3	441 442 431 
0
256
3	250 249 103 
3	664 666 668 
0
257
3	96 110 91 
3	282 283 284 
0
258
3	175 179 176 
3	436 429 437 
0
259
3	175 177 182 
3	473 445 428 
0
260
3	175 183 260 
3	703 704 444 
0
261
3	119 50 43 
3	302 303 305 
0
262
3	52 53 50 
3	106 107 108 
0
263
3	52 50 119 
3	305 306 107 
0
264
3	53 122 121 
3	307 310 312 
0
265
3	52 126 124 
3	317 318 319 
0
266
3	45 130 131 
3	329 330 331 
0
267
3	45 131 119 
3	457 304 330 
0
268
3	119 131 126 
3	455 456 457 
0
269
3	131 130 129 
3	323 326 329 
0
270
3	127 129 196 
3	576 504 327 
0
271
3	127 125 126 
3	320 321 322 
0
272
3	127 139 125 
3	348 322 349 
0
273
3	139 138 125 
3	346 348 350 
0
274
3	140 138 139 
3	350 351 352 
0
275
3	140 142 138 
3	355 352 356 
0
276
3	140 160 142 
3	392 356 393 
0
277
3	143 142 162 
3	397 398 358 
0
278
3	167 196 198 
3	575 516 506 
0
279
3	167 166 196 
3	505 506 406 
0
280
3	166 165 164 
3	399 402 405 
0
281
3	167 198 200 
3	514 515 516 
0
282
3	199 211 200 
3	656 513 538 
0
283
3	199 197 203 
3	522 523 512 
0
284
3	199 203 206 
3	529 530 523 
0
285
3	199 200 197 
3	511 512 513 
0
286
3	167 200 247 
3	654 655 515 
0
287
3	210 247 211 
3	657 536 658 
0
288
3	211 209 208 
3	531 534 537 
0
289
3	207 209 263 
3	710 711 532 
0
290
3	211 247 200 
3	654 656 657 
0
291
3	199 209 211 
3	537 538 539 
0
292
3	206 263 209 
3	710 712 713 
0
293
3	54 187 174 
3	472 424 467 
0
294
3	187 133 148 
3	463 464 466 
0
295
3	132 148 133 
3	463 334 368 
0
296
3	132 147 148 
3	367 368 369 
0
297
3	151 148 150 
3	373 374 375 
0
298
3	151 150 184 
3	646 448 374 
0
299
3	185 184 242 
3	648 635 450 
0
300
3	185 242 240 
3	633 634 635 
0
301
3	132 144 147 
3	625 369 361 
0
302
3	132 134 135 
3	339 340 333 
0
303
3	238 147 144 
3	625 626 628 
0
304
3	242 241 240 
3	630 633 636 
0
305
3	245 240 243 
3	639 641 644 
0
306
3	244 245 243 
3	641 642 643 
0
307
3	145 144 135 
3	360 362 364 
0
308
3	136 135 134 
3	339 341 343 
0
309
3	54 133 187 
3	466 467 336 
0
310
3	185 261 183 
3	705 451 706 
0
311
3	185 183 184 
3	449 450 451 
0
312
3	281 261 245 
3	770 771 772 
0
313
3	185 240 245 
3	644 645 634 
0
314
3	121 134 133 
3	332 335 337 
0
315
3	132 133 134 
3	332 333 334 
0
316
3	132 135 144 
3	360 361 340 
0
317
3	120 134 121 
3	337 309 338 
0
318
3	120 186 190 
3	481 482 461 
0
319
3	122 124 186 
3	458 460 462 
0
320
3	123 186 124 
3	458 316 459 
0
321
3	120 122 186 
3	460 461 308 
0
322
3	120 136 134 
3	341 338 342 
0
323
3	158 136 190 
3	490 491 492 
0
324
3	159 190 189 
3	478 479 480 
0
325
3	159 194 192 
3	498 486 497 
0
326
3	193 191 192 
3	487 488 489 
0
327
3	159 157 158 
3	389 390 391 
0
328
3	158 157 156 
3	383 386 389 
0
329
3	155 157 191 
3	483 484 384 
0
330
3	120 190 136 
3	490 342 482 
0
331
3	190 186 189 
3	476 478 481 
0
332
3	123 141 189 
3	493 477 354 
0
333
3	159 158 190 
3	491 480 390 
0
334
3	143 194 141 
3	494 359 495 
0
335
3	194 189 141 
3	493 494 496 
0
336
3	159 189 194 
3	496 497 479 
0
337
3	143 195 194 
3	499 495 500 
0
338
3	159 192 157 
3	485 391 486 
0
339
3	193 192 195 
3	501 502 488 
0
340
3	192 191 157 
3	483 485 487 
0
341
3	112 111 110 
3	264 267 270 
0
342
3	151 188 187 
3	468 465 469 
0
343
3	151 182 188 
3	475 469 447 
0
344
3	151 187 148 
3	464 375 465 
0
345
3	151 184 182 
3	446 447 448 
0
346
3	242 184 150 
3	646 647 648 
0
347
3	150 148 147 
3	367 370 373 
0
348
3	244 281 245 
3	771 643 768 
0
349
3	80 74 78 
3	190 192 195 
0
350
3	76 80 83 
3	202 203 196 
0
351
3	76 83 86 
3	661 212 203 
0
352
3	82 83 81 
3	199 200 201 
0
353
3	79 80 78 
3	192 193 194 
0
354
3	76 74 80 
3	195 196 185 
0
355
3	79 91 81 
3	218 198 219 
0
356
3	83 80 81 
3	197 199 202 
0
357
3	81 91 90 
3	213 216 218 
0
358
3	202 214 204 
3	545 525 546 
0
359
3	219 224 214 
3	600 601 602 
0
360
3	218 224 219 
3	602 552 569 
0
361
3	218 226 224 
3	568 569 570 
0
362
3	218 221 223 
3	562 563 564 
0
363
3	223 221 220 
3	556 559 562 
0
364
3	212 224 225 
3	565 566 567 
0
365
3	237 226 223 
3	620 621 623 
0
366
3	227 225 226 
3	571 572 573 
0
367
3	202 219 214 
3	601 546 554 
0
368
3	30 32 220 
3	603 558 63 
0
369
3	222 220 232 
3	606 607 560 
0
370
3	222 232 236 
3	619 613 607 
0
371
3	222 234 237 
3	719 622 612 
0
372
3	227 237 264 
3	717 718 624 
0
373
3	30 220 221 
3	556 557 558 
0
374
3	232 220 32 
3	603 604 606 
0
375
3	222 223 220 
3	559 560 561 
0
376
3	222 237 223 
3	621 561 622 
0
377
3	218 223 226 
3	620 570 563 
0
378
3	226 225 224 
3	565 568 571 
0
379
3	227 226 237 
3	623 624 572 
0
380
3	212 214 224 
3	600 567 541 
0
381
3	162 170 169 
3	408 411 413 
0
382
3	267 106 249 
3	750 751 752 
0
383
3	251 266 267 
3	725 726 727 
0
384
3	251 271 266 
3	782 727 738 
0
385
3	268 269 266 
3	728 729 730 
0
386
3	269 287 286 
3	788 791 793 
0
387
3	285 286 287 
3	788 789 790 
0
388
3	108 106 267 
3	752 733 259 
0
389
3	251 267 249 
3	751 670 726 
0
390
3	108 269 286 
3	791 792 732 
0
391
3	269 267 266 
3	725 728 731 
0
392
3	89 110 111 
3	264 265 266 
0
393
3	277 179 260 
3	756 757 759 
0
394
3	180 277 275 
3	773 746 760 
0
395
3	180 275 272 
3	745 742 746 
0
396
3	276 275 282 
3	776 777 748 
0
397
3	276 282 284 
3	785 786 777 
0
398
3	262 277 260 
3	757 709 758 
0
399
3	180 179 277 
3	759 760 439 
0
400
3	262 279 282 
3	787 775 765 
0
401
3	282 275 277 
3	773 774 776 
0
402
3	282 279 284 
3	783 785 787 
0
403
3	244 280 281 
3	767 768 769 
0
404
3	18 19 16 
3	33 34 35 
0
405
3	18 64 65 
3	134 135 136 
0
406
3	8 65 63 
3	131 132 133 
0
407
3	62 63 64 
3	128 129 130 
0
408
3	18 16 58 
3	150 121 34 
0
409
3	18 58 59 
3	119 120 121 
0
410
3	18 65 19 
3	151 35 135 
0
411
3	18 59 64 
3	178 136 120 
0
412
3	8 7 65 
3	152 133 14 
0
413
3	65 64 63 
3	128 131 134 
0
414
3	62 64 73 
3	176 177 129 
0
415
3	62 73 118 
3	297 298 177 
0
416
3	215 231 216 
3	599 549 595 
0
417
3	216 231 221 
3	597 598 599 
0
418
3	215 216 217 
3	547 548 549 
0
419
3	218 216 221 
3	598 564 551 
0
420
3	219 217 216 
3	547 550 553 
0
421
3	218 219 216 
3	550 551 552 
0
422
3	34 69 71 
3	165 166 167 
0
423
3	34 71 232 
3	617 605 166 
0
424
3	70 71 68 
3	162 163 164 
0
425
3	71 69 68 
3	159 162 165 
0
426
3	236 232 71 
3	617 618 619 
0
427
3	70 235 236 
3	614 615 616 
0
428
3	70 236 71 
3	618 164 615 
0
429
3	222 236 234 
3	611 612 613 
0
430
3	233 234 235 
3	608 609 610 
0
431
3	236 235 234 
3	608 611 614 
0
432
3	237 234 264 
3	715 717 719 
0
433
3	76 88 77 
3	294 186 211 
0
434
3	88 117 77 
3	292 294 295 
0
435
3	87 88 85 
3	207 208 209 
0
436
3	87 117 88 
3	295 209 296 
0
437
3	76 86 88 
3	210 211 212 
0
438
3	84 85 86 
3	204 205 206 
0
439
3	88 86 85 
3	204 207 210 
0
440
3	205 204 213 
3	543 544 527 
0
441
3	212 213 214 
3	540 541 542 
0
442
3	160 164 252 
3	671 673 675 
0
443
3	247 253 165 
3	676 678 679 
0
444
3	161 170 162 
3	413 396 414 
0
445
3	161 160 252 
3	673 674 395 
0
446
3	163 252 164 
3	671 401 672 
0
447
3	163 165 253 
3	676 677 400 
0
448
3	210 253 247 
3	679 658 680 
0
449
3	168 254 169 
3	681 410 682 
0
450
3	82 81 90 
3	216 217 200 
0
451
3	251 250 273 
3	755 739 669 
0
452
3	273 272 271 
3	734 737 740 
0
453
3	273 250 181 
3	753 754 755 
0
454
3	180 273 181 
3	754 440 741 
0
455
3	251 273 271 
3	737 738 739 
0
456
3	270 283 271 
3	778 736 779 
0
457
3	270 272 274 
3	743 744 735 
0
458
3	180 272 273 
3	740 741 742 
0
459
3	270 271 272 
3	734 735 736 
0
460
3	266 271 283 
3	778 780 782 
0
461
3	275 274 272 
3	743 745 747 
0
462
3	276 274 275 
3	747 748 749 
0
463
3	265 286 288 
3	795 797 799 
0
464
3	113 265 288 
3	797 798 724 
0
465
3	285 288 286 
3	795 790 796 
0
466
3	268 287 269 
3	793 730 794 
0
467
3	268 266 283 
3	780 781 729 
0
468
3	278 284 279 
3	783 763 784 
0
469
3	210 211 208 
3	534 535 536 
0
470
3	207 208 209 
3	531 532 533 
0
471
3	149 150 147 
3	370 371 372 
0
472
3	149 242 150 
3	647 372 637 
0
473
3	149 238 255 
3	686 687 629 
0
474
3	256 255 238 
3	686 688 690 
0
475
3	255 258 241 
3	693 695 696 
0
476
3	239 241 258 
3	693 694 631 
0
477
3	149 147 238 
3	628 629 371 
0
478
3	149 241 242 
3	636 637 638 
0
479
3	149 255 241 
3	695 638 687 
0
480
3	239 240 241 
3	630 631 632 
0
481
3	239 243 240 
3	639 632 640 
0
482
3	146 238 144 
3	626 366 627 
0
483
3	137 135 136 
3	343 344 345 
0
484
3	137 136 158 
3	492 388 344 
0
485
3	137 152 145 
3	376 363 377 
0
486
3	146 145 154 
3	381 382 365 
0
487
3	146 172 256 
3	702 689 419 
0
488
3	256 172 259 
3	698 700 702 
0
489
3	154 173 172 
3	415 418 420 
0
490
3	153 154 152 
3	378 379 380 
0
491
3	152 156 246 
3	649 651 653 
0
492
3	146 144 145 
3	364 365 366 
0
493
3	137 145 135 
3	362 345 363 
0
494
3	146 256 238 
3	688 627 689 
0
495
3	154 145 152 
3	376 378 381 
0
496
3	146 154 172 
3	418 419 382 
0
497
3	137 158 156 
3	386 387 388 
0
498
3	137 156 152 
3	653 377 387 
0
499
3	155 156 157 
3	383 384 385 
0
500
3	155 246 156 
3	649 385 650 
0
501
3	83 248 86 
3	659 661 662 
0
502
3	82 248 83 
3	662 201 663 
0
503
3	84 86 248 
3	659 660 205 
0
504
3	233 264 234 
3	715 610 716 
0
505
3	257 255 256 
3	690 691 692 
0
506
3	257 258 255 
3	696 692 697 
0
507
3	257 256 259 
3	700 701 691 
0
508
3	153 152 246 
3	651 652 379 
0
509
3	153 173 154 
3	420 380 421 
0
510
3	171 172 173 
3	415 416 417 
0
511
3	171 259 172 
3	698 417 699 
0
